0
1
-1
2
-1
3
4
5
6
7
-1
8
478
9
10
11
182
12
633
13
7
14
12
15
-1
112
23
-1
-1
16
17
18
19
-1
-1
144
20
21
22
508
23
24
25
26
27
-1
8
-1
28
-1
29
-1
18
30
-1
31
403
573
32
633
661
33
23
716
34
35
18
36
3
-1
540
-1
21
613
37
38
39
17
40
41
42
-1
-1
620
241
59
43
76
401
144
44
-1
45
46
47
33
-1
21
48
33
49
50
51
31
30
23
50
13
643
52
53
54
23
13
54
55
56
23
432
57
58
-1
59
581
60
61
62
63
22
64
33
6
418
23
65
66
67
68
69
70
71
207
1
23
33
72
-1
73
41
50
74
75
-1
76
-1
77
78
5
-1
79
17
771
80
22
81
23
82
83
84
85
86
31
23
731
56
-1
87
88
89
-1
21
13
90
56
91
22
92
17
93
-1
94
-1
648
95
83
96
22
21
97
23
98
-1
50
26
99
100
-1
101
-1
50
102
30
12
103
19
7
104
105
106
69
107
108
87
23
-1
109
541
110
111
24
112
113
-1
41
-1
114
115
88
116
117
-1
-1
-1
1
192
118
119
120
29
23
61
75
121
97
23
-1
-1
122
95
123
32
56
7
-1
124
50
-1
56
125
77
1
437
771
126
1
65
127
128
129
130
97
-1
96
-1
47
-1
131
23
106
-1
-1
132
21
111
-1
133
-1
5
35
209
4
134
22
115
606
41
102
135
37
33
-1
38
136
12
6
137
138
-1
-1
139
140
17
141
142
23
108
12
98
143
714
-1
144
-1
13
12
14
22
-1
41
280
145
607
12
29
461
146
147
-1
-1
83
23
148
149
127
150
-1
62
33
50
63
-1
107
99
151
96
32
152
612
56
-1
-1
-1
56
399
46
153
251
50
154
473
155
156
157
23
158
-1
23
619
159
-1
-1
88
374
17
23
160
-1
135
-1
99
1
161
-1
-1
664
79
50
162
58
28
37
50
-1
358
23
65
41
50
163
164
165
166
82
50
-1
82
167
37
-1
5
-1
51
22
108
-1
23
168
88
169
150
170
56
37
37
171
172
-1
14
83
173
787
174
175
146
36
88
113
1
50
-1
-1
33
37
127
176
177
178
-1
87
28
179
175
180
181
41
18
34
182
22
43
183
22
-1
-1
184
185
-1
810
186
-1
106
-1
187
23
26
5
90
146
-1
162
-1
56
188
41
150
189
21
190
63
128
191
97
-1
16
7
192
-1
115
114
146
193
33
364
194
59
-1
195
50
196
111
-1
50
128
197
86
124
10
198
199
50
-1
96
147
4
137
163
36
200
92
130
201
191
202
-1
87
10
161
203
150
204
251
-1
92
205
94
206
-1
111
207
16
208
-1
-1
50
33
12
129
13
-1
192
209
-1
-1
-1
172
145
210
50
22
-1
54
22
178
60
211
33
17
-1
212
685
201
13
49
189
50
146
130
213
-1
214
478
-1
13
97
36
1
-1
188
111
127
55
95
215
12
116
37
-1
216
38
496
-1
22
217
127
218
219
-1
33
220
143
424
-1
50
221
222
64
148
17
-1
223
198
221
224
225
844
-1
22
23
226
112
118
120
-1
90
26
33
13
138
227
33
22
175
1
127
50
37
228
229
-1
23
230
16
27
120
294
231
83
228
232
-1
233
612
88
37
-1
230
-1
176
234
222
128
187
235
561
-1
9
236
-1
7
50
621
96
3
602
149
237
238
158
37
83
378
88
56
88
239
18
33
10
797
119
337
162
-1
41
240
241
671
59
50
679
70
49
123
26
130
242
58
243
162
151
6
156
244
163
245
82
246
-1
247
55
170
79
-1
201
28
-1
-1
-1
77
-1
6
630
26
-1
248
50
14
588
22
808
-1
249
-1
23
-1
82
-1
36
87
1
72
81
150
33
-1
96
-1
1
-1
54
69
-1
13
-1
127
207
211
250
251
47
399
21
252
-1
57
-1
23
19
253
254
37
130
255
36
-1
45
23
256
257
258
259
-1
260
86
221
152
620
25
261
87
60
30
186
262
82
-1
226
263
3
208
264
263
82
140
17
633
166
23
12
399
23
38
45
216
50
187
265
9
12
772
107
29
95
-1
55
135
56
136
170
266
-1
-1
-1
63
106
267
9
82
37
111
268
30
23
81
437
64
-1
222
171
269
50
110
-1
270
75
-1
746
-1
18
73
271
271
434
127
-1
15
137
88
4
272
-1
120
122
137
145
-1
-1
191
273
175
82
-1
208
-1
23
274
40
-1
275
336
51
-1
1
544
146
41
-1
34
264
567
276
29
259
277
-1
-1
23
280
1
-1
97
278
374
279
-1
280
281
861
738
14
282
283
65
158
284
612
285
262
193
-1
12
158
1
17
93
22
286
23
104
287
42
13
6
120
46
-1
288
201
289
33
223
111
1
56
50
3
-1
56
54
200
290
291
33
292
22
-1
293
294
295
172
12
17
188
296
41
22
56
286
81
145
33
-1
22
3
-1
-1
153
297
63
13
150
153
41
-1
-1
298
111
10
37
21
2
33
-1
50
33
87
37
-1
299
23
32
23
144
-1
300
23
37
112
170
134
301
88
674
302
111
303
304
305
41
306
94
-1
33
21
127
35
198
44
21
31
176
186
23
-1
-1
216
21
209
304
307
265
193
779
15
-1
-1
33
100
160
308
309
21
832
138
-1
93
-1
19
33
36
264
474
146
-1
237
24
23
201
242
739
34
95
310
-1
268
36
-1
-1
311
-1
81
49
312
-1
-1
313
256
-1
111
-1
-1
122
-1
139
50
13
37
22
160
23
3
674
22
12
374
685
-1
50
18
33
780
23
206
50
21
-1
23
71
23
-1
810
36
146
314
17
25
112
39
166
168
-1
301
205
128
36
32
88
50
33
-1
278
36
315
303
-1
-1
300
-1
-1
-1
-1
17
12
161
3
163
176
33
84
102
50
316
33
65
58
317
540
94
6
731
318
679
23
272
160
12
147
50
803
867
319
93
53
127
320
354
321
322
22
13
221
-1
323
324
13
33
33
70
140
-1
14
22
175
714
127
6
325
326
12
-1
80
93
496
50
-1
777
746
80
-1
149
92
206
-1
-1
33
-1
85
23
256
139
564
18
50
310
111
4
787
88
327
23
143
13
28
293
33
-1
26
8
23
263
118
328
266
311
633
-1
134
685
12
176
277
255
12
12
-1
47
329
56
111
109
41
209
82
-1
133
-1
265
785
330
23
302
306
30
21
177
-1
36
331
15
187
214
54
149
63
12
23
332
73
333
-1
334
277
672
23
108
12
161
335
23
336
-1
188
-1
195
33
168
12
337
37
135
88
88
55
271
243
338
2
139
214
12
339
230
340
549
219
273
23
72
23
-1
162
341
-1
17
271
1
175
107
50
21
61
88
87
-1
93
177
56
249
43
296
13
127
37
14
205
115
77
33
92
36
324
3
50
342
173
-1
57
274
198
-1
-1
343
84
6
249
50
98
-1
145
9
59
100
171
36
14
117
492
-1
344
136
-1
345
24
130
-1
58
44
346
1
867
347
15
14
201
-1
324
-1
348
50
62
13
-1
146
154
68
21
175
349
337
-1
-1
89
82
57
350
-1
224
206
59
223
-1
147
350
100
196
329
17
43
101
134
12
42
75
42
123
-1
351
23
352
36
23
26
353
146
14
131
147
1
128
156
280
37
36
329
23
17
110
36
33
148
354
17
583
-1
13
272
99
-1
22
355
23
102
356
33
13
71
15
357
127
33
125
72
130
150
14
358
37
22
217
46
50
94
12
359
192
-1
360
548
38
361
341
5
158
23
403
-1
-1
749
328
362
106
318
192
176
363
125
127
-1
59
364
189
67
23
169
41
178
357
160
23
365
133
94
2
366
367
350
-1
23
22
23
87
124
202
368
165
87
14
-1
146
365
692
234
-1
206
730
82
369
113
22
118
771
56
289
353
370
362
83
108
371
21
145
295
43
372
21
-1
20
22
19
90
149
373
374
75
343
23
259
50
13
153
23
87
292
23
232
26
93
296
-1
236
-1
13
1
50
22
375
311
274
30
8
376
-1
33
57
157
377
-1
23
785
59
378
184
228
189
50
109
147
-1
379
33
88
54
-1
-1
-1
-1
72
-1
46
380
-1
99
90
381
-1
138
33
79
328
23
12
23
-1
58
-1
54
88
23
325
224
373
198
230
191
-1
414
56
208
36
382
269
-1
-1
170
23
28
198
146
204
111
383
30
263
21
50
56
138
7
68
-1
139
123
22
36
-1
384
452
-1
13
50
143
385
75
178
149
256
-1
172
33
29
-1
151
16
558
386
387
388
127
389
21
265
50
341
23
281
358
119
13
171
129
97
12
44
198
294
151
1
115
-1
377
23
111
21
-1
390
41
62
391
-1
-1
170
289
-1
273
89
339
354
338
392
54
23
93
28
324
393
150
112
394
65
489
89
-1
810
-1
103
82
23
6
-1
130
87
-1
212
-1
8
127
41
395
35
33
33
-1
111
161
26
289
68
23
186
241
249
171
33
58
692
867
50
46
133
353
163
289
717
224
17
746
33
24
-1
50
127
157
396
111
397
130
318
37
23
293
-1
50
23
82
-1
50
23
-1
-1
-1
135
177
-1
-1
691
65
398
33
-1
172
-1
14
147
201
173
399
22
-1
195
414
685
746
325
-1
23
88
400
146
44
23
12
-1
33
87
-1
256
-1
124
140
401
-1
-1
295
22
41
-1
23
172
178
188
326
-1
188
-1
216
402
58
8
97
62
20
62
50
38
-1
273
326
263
19
403
127
82
23
60
3
-1
404
524
210
50
-1
390
111
803
17
146
123
42
563
405
371
33
273
291
406
-1
162
85
104
135
21
233
-1
329
161
23
153
41
407
400
50
42
18
-1
37
87
146
74
23
-1
136
408
291
311
409
-1
30
187
371
202
253
56
23
274
622
-1
21
266
127
104
271
65
23
-1
23
-1
94
56
291
69
13
176
-1
6
146
101
138
23
88
-1
18
410
276
411
-1
-1
76
21
17
-1
80
94
22
23
50
121
52
130
36
78
13
83
412
413
23
21
50
-1
95
13
23
195
33
23
414
-1
-1
138
65
23
62
3
-1
388
190
290
22
-1
367
415
123
128
276
147
416
-1
-1
-1
-1
36
37
417
46
127
56
286
311
56
-1
150
75
63
309
839
149
359
36
111
113
23
857
-1
-1
102
50
23
569
327
-1
39
-1
243
13
604
289
312
-1
148
470
162
65
-1
56
127
-1
-1
48
206
418
50
419
1
97
303
135
420
9
-1
275
403
264
154
275
-1
274
-1
-1
161
421
165
145
21
41
33
23
422
423
-1
23
-1
50
162
10
259
-1
54
-1
95
-1
424
-1
-1
143
-1
127
-1
-1
-1
214
189
56
88
145
23
146
-1
411
127
12
111
114
41
60
36
619
-1
23
-1
83
278
479
70
150
360
-1
813
133
-1
172
-1
58
26
146
233
23
133
32
88
-1
19
390
13
274
1
-1
33
168
27
178
121
-1
-1
425
426
129
52
643
-1
46
235
33
-1
-1
427
204
22
65
15
41
23
54
94
36
-1
-1
-1
22
266
65
-1
248
23
311
428
-1
21
-1
88
171
300
23
56
128
116
429
23
77
-1
127
-1
56
340
33
36
12
210
845
120
82
94
692
69
-1
191
94
-1
204
23
145
2
147
12
203
72
266
73
147
37
130
92
8
341
169
57
221
430
641
165
146
3
61
33
28
56
110
12
658
55
208
165
221
-1
810
109
431
19
581
273
50
322
325
71
365
461
56
72
-1
172
57
432
277
56
23
313
-1
56
89
-1
373
146
427
212
157
32
134
834
12
-1
433
221
23
434
149
46
246
148
90
39
403
49
113
349
-1
201
-1
1
50
-1
-1
431
184
179
106
-1
130
-1
57
-1
109
21
334
747
183
74
23
-1
56
324
247
50
57
-1
541
435
-1
93
83
-1
436
674
265
-1
173
437
157
12
110
21
-1
213
75
-1
285
438
50
41
-1
94
146
14
-1
6
315
153
-1
200
-1
508
36
691
847
102
41
46
-1
139
21
-1
40
334
12
-1
358
206
21
324
-1
161
465
122
36
430
154
87
13
29
1
95
439
45
378
111
254
633
95
72
-1
-1
440
441
1
82
80
-1
442
469
306
55
89
15
-1
443
-1
41
21
358
243
56
146
108
-1
-1
-1
109
-1
23
158
6
73
265
162
-1
177
444
828
244
204
445
137
87
15
-1
82
17
446
437
149
300
416
-1
-1
447
214
145
50
536
191
162
503
558
154
182
509
25
33
121
259
-1
-1
-1
23
429
379
22
87
-1
6
94
50
117
60
23
-1
87
208
279
448
595
85
214
189
262
88
23
380
-1
-1
449
13
450
27
213
-1
9
370
362
-1
451
23
55
81
177
153
36
452
-1
453
-1
56
264
22
77
421
159
13
56
-1
49
175
-1
162
281
355
130
-1
177
146
158
336
366
536
454
82
146
106
191
-1
455
685
-1
305
84
23
247
130
540
88
-1
140
413
31
206
456
-1
29
457
82
124
23
127
8
92
122
3
757
110
25
-1
18
145
362
13
458
83
26
221
-1
459
70
9
50
23
81
26
57
-1
33
156
-1
404
394
22
592
719
33
12
568
-1
344
22
50
150
13
719
37
18
366
87
50
75
23
246
21
150
42
133
362
23
127
87
460
50
23
12
138
23
165
36
23
12
23
56
112
461
243
100
44
14
1
23
606
114
568
462
463
484
22
176
435
33
146
73
464
67
12
813
23
180
-1
13
112
-1
172
33
33
130
-1
99
1
401
-1
162
120
3
33
128
58
180
88
102
465
230
111
94
21
134
-1
162
33
220
-1
325
162
-1
23
466
467
223
98
3
278
147
63
391
204
25
-1
6
-1
111
36
619
470
286
94
33
209
111
468
21
620
-1
186
286
469
87
407
536
46
146
781
207
-1
204
-1
-1
281
99
177
-1
-1
33
15
-1
87
8
33
9
-1
206
-1
233
277
470
372
661
-1
31
5
127
111
105
471
107
23
36
-1
12
-1
536
789
732
266
332
513
366
-1
7
143
317
95
45
62
23
353
-1
145
39
60
67
12
206
56
56
172
248
23
23
276
-1
110
3
457
-1
148
263
371
13
13
679
76
375
62
33
-1
174
472
635
80
99
864
10
12
294
127
338
368
23
473
378
-1
474
39
-1
-1
264
6
197
-1
238
22
18
41
158
50
67
1
100
159
223
475
448
22
111
50
216
476
33
97
-1
371
56
171
477
59
753
72
478
424
128
453
-1
145
-1
26
607
50
17
515
-1
44
-1
19
-1
64
56
6
-1
447
17
-1
269
392
395
-1
286
177
343
-1
6
380
82
462
40
196
83
56
94
33
94
-1
23
479
-1
123
169
123
480
402
46
120
407
195
1
473
481
97
271
29
165
-1
310
-1
147
843
41
33
36
30
23
161
711
407
50
22
127
146
13
4
12
98
281
23
133
163
13
150
295
153
23
139
-1
-1
226
23
22
106
89
837
-1
482
146
483
50
37
-1
167
37
484
6
336
33
162
94
813
-1
485
23
84
136
-1
23
322
-1
187
286
15
230
306
-1
-1
468
421
106
193
-1
-1
56
13
161
117
12
3
680
-1
409
22
88
340
610
323
-1
427
249
75
-1
317
781
-1
54
23
69
42
-1
127
73
145
317
-1
146
194
50
36
452
98
360
23
609
-1
23
102
-1
413
59
62
486
23
145
146
487
1
94
344
488
34
72
-1
23
221
-1
318
157
82
44
489
332
50
490
288
176
289
-1
127
749
1
-1
40
491
33
56
248
173
175
200
111
23
86
345
21
-1
242
364
492
-1
33
660
33
146
23
-1
68
167
339
-1
23
22
13
165
17
140
23
488
-1
318
219
-1
-1
12
286
493
494
56
94
23
141
-1
230
122
271
187
13
337
-1
240
495
40
-1
-1
194
125
370
19
404
14
187
99
281
27
17
23
459
283
-1
171
103
-1
22
362
23
94
-1
-1
37
71
359
82
87
251
12
438
23
-1
22
111
50
15
-1
106
236
23
98
344
209
13
22
9
98
54
15
281
403
-1
233
33
302
238
-1
387
23
130
401
12
1
444
27
-1
-1
39
496
122
96
358
497
149
201
333
117
212
-1
21
461
498
581
18
123
44
499
183
22
12
23
177
8
50
481
-1
342
500
622
501
-1
146
36
-1
13
23
296
463
643
161
3
468
88
301
162
75
470
33
501
502
467
5
540
433
48
761
-1
-1
347
503
21
50
56
410
13
18
834
504
221
249
12
503
23
-1
23
505
111
266
506
121
21
23
43
276
408
281
418
127
6
47
-1
-1
32
352
507
-1
23
19
436
72
22
436
22
-1
36
82
84
508
84
217
54
416
-1
3
97
-1
312
76
36
158
-1
146
188
509
269
23
273
26
279
23
41
22
-1
208
-1
-1
427
425
-1
33
510
-1
-1
108
-1
23
511
193
-1
103
-1
33
-1
-1
-1
-1
135
4
408
82
33
30
162
22
171
512
281
58
397
171
156
374
513
-1
93
583
514
41
56
420
508
111
73
-1
124
761
-1
515
491
516
56
13
232
115
18
145
-1
13
23
-1
209
-1
-1
264
-1
69
157
162
-1
457
223
23
83
87
320
-1
37
-1
-1
93
94
417
23
50
284
-1
56
329
772
299
722
100
362
160
147
148
4
98
26
-1
-1
270
23
63
517
48
327
13
269
13
181
14
80
163
56
50
462
358
56
436
518
80
1
-1
53
38
23
147
-1
121
551
54
-1
-1
135
50
-1
519
410
178
395
520
-1
4
668
46
-1
481
188
26
17
161
-1
127
82
13
153
321
145
403
245
91
67
40
23
14
257
277
371
23
32
859
18
62
36
521
-1
462
128
495
4
-1
211
-1
33
491
22
13
33
362
12
-1
-1
59
-1
22
-1
82
156
309
193
470
26
140
200
313
-1
256
21
44
50
-1
-1
72
175
322
30
111
318
33
-1
280
223
146
442
-1
467
-1
216
22
23
165
437
42
397
46
813
-1
6
-1
468
88
50
-1
394
492
441
522
3
23
371
168
57
335
21
-1
12
23
134
194
62
523
146
72
1
524
66
138
161
50
225
23
462
-1
-1
247
84
139
21
56
71
109
197
41
54
525
-1
33
23
50
474
286
72
95
771
785
183
50
-1
-1
50
82
8
-1
-1
50
291
23
5
200
1
-1
94
26
-1
478
398
243
21
216
33
633
337
510
329
22
128
526
1
289
111
806
527
475
98
192
23
172
15
354
112
13
112
61
-1
127
161
77
33
265
326
50
178
-1
21
54
112
82
-1
-1
272
528
264
9
1
810
447
-1
250
180
22
578
54
178
137
-1
22
-1
295
486
146
145
147
-1
711
93
383
50
82
-1
-1
375
529
530
115
-1
-1
318
173
12
212
50
50
671
496
100
452
50
623
204
405
531
-1
147
-1
778
23
-1
10
62
106
-1
-1
22
23
-1
112
8
186
122
453
311
14
312
532
533
23
-1
206
534
26
33
333
112
225
58
-1
63
304
-1
99
225
83
15
170
23
429
-1
226
-1
136
543
606
493
37
127
-1
453
3
23
30
21
264
22
77
151
50
198
535
784
30
112
621
407
172
495
146
238
127
56
-1
23
33
809
447
23
145
-1
63
264
36
804
-1
23
194
409
26
-1
13
-1
258
536
23
-1
864
143
100
-1
176
141
-1
23
416
23
192
312
178
128
23
23
22
156
493
334
177
52
219
475
537
131
171
97
-1
87
-1
73
17
71
-1
519
352
822
665
515
-1
-1
3
281
50
593
41
206
147
404
254
147
-1
274
-1
171
33
82
110
264
48
-1
50
-1
112
295
23
363
145
1
152
149
12
269
198
55
44
188
18
229
329
62
50
810
670
188
23
12
138
22
56
165
146
347
804
-1
33
-1
204
162
162
33
-1
834
-1
202
244
661
197
36
172
229
54
183
50
39
-1
153
563
-1
-1
130
-1
538
59
262
-1
-1
86
429
-1
25
1
281
414
101
224
75
127
213
37
65
36
660
36
22
230
161
146
405
179
149
452
41
23
126
145
539
407
-1
26
3
233
175
-1
99
36
-1
9
308
-1
475
158
23
-1
22
56
503
777
22
347
432
-1
12
540
23
50
158
50
12
-1
828
329
660
347
-1
13
34
226
65
7
286
-1
147
502
266
233
197
23
568
466
-1
72
43
161
-1
23
279
-1
536
1
37
-1
50
-1
-1
365
-1
541
403
36
33
50
259
-1
-1
209
493
33
144
-1
23
-1
515
56
294
1
542
149
264
260
54
88
-1
53
279
206
-1
21
-1
23
111
39
180
33
111
123
287
41
543
406
33
42
230
276
1
-1
752
23
193
283
290
622
22
338
-1
-1
87
90
348
-1
87
58
75
496
347
93
161
17
133
230
340
70
50
13
134
121
-1
-1
-1
36
519
23
82
299
289
315
263
229
544
335
138
162
-1
545
380
-1
41
495
266
56
9
12
-1
36
-1
36
33
55
266
23
609
437
115
63
586
652
23
214
127
50
41
685
733
-1
36
12
176
250
33
44
834
573
87
158
564
23
536
57
37
37
-1
-1
87
42
281
23
28
-1
25
-1
529
20
13
329
-1
41
264
21
13
362
643
419
-1
101
459
-1
-1
23
84
23
90
398
127
63
-1
98
499
671
-1
-1
264
87
-1
53
-1
-1
67
-1
332
172
337
-1
498
123
388
26
23
109
158
446
264
402
546
13
-1
526
123
146
153
147
147
23
49
391
33
84
39
547
306
114
548
87
54
35
194
161
128
150
-1
674
737
-1
549
22
56
36
128
466
445
372
53
153
88
3
41
201
550
337
283
259
21
61
241
99
301
342
5
84
845
-1
111
23
-1
134
436
-1
621
236
-1
347
551
233
470
26
134
1
322
82
21
67
-1
61
88
33
157
161
281
235
803
-1
56
551
23
135
17
84
-1
21
311
-1
552
104
-1
-1
207
297
-1
158
179
527
50
329
-1
446
326
224
423
366
-1
612
111
33
37
102
89
149
-1
-1
-1
171
191
71
264
87
-1
418
1
58
236
82
162
13
27
33
553
116
32
1
332
23
583
128
-1
147
19
80
266
13
148
23
23
56
98
140
375
95
202
132
200
138
554
-1
82
50
-1
114
555
480
62
13
37
164
289
211
399
302
140
322
103
-1
521
146
23
556
13
188
531
87
301
14
327
3
-1
88
787
60
13
246
50
65
287
76
32
445
33
40
557
671
267
-1
11
-1
212
13
145
223
23
50
98
210
22
67
-1
23
290
-1
691
33
37
33
121
83
565
1
92
75
6
44
-1
-1
1
270
50
88
-1
12
558
188
-1
23
412
50
118
209
13
128
95
97
-1
36
286
30
425
-1
559
163
150
393
146
148
239
-1
-1
249
1
22
-1
485
87
102
118
101
286
458
21
430
36
560
-1
223
561
127
-1
170
148
177
50
270
-1
549
-1
120
23
-1
-1
153
-1
622
176
146
36
-1
183
107
384
-1
-1
-1
305
445
562
6
138
298
1
148
-1
37
133
297
-1
286
462
178
229
-1
87
506
93
153
548
154
373
784
12
362
-1
50
537
-1
-1
23
33
233
12
21
41
125
462
-1
1
33
-1
36
2
232
-1
329
393
478
38
235
-1
380
61
302
23
96
196
56
-1
-1
23
127
49
-1
406
509
22
347
189
23
23
36
170
-1
12
-1
243
5
145
-1
-1
45
333
172
50
27
213
-1
8
136
114
-1
35
-1
324
563
-1
17
12
127
27
82
-1
41
21
235
39
-1
23
564
1
179
341
-1
-1
565
165
135
-1
-1
144
433
271
-1
566
168
385
-1
620
17
111
630
23
52
271
23
23
31
245
127
170
374
567
71
401
-1
164
237
80
151
474
114
-1
660
50
-1
663
237
425
22
259
135
568
552
37
93
-1
13
249
373
-1
195
680
123
569
111
23
570
23
33
240
470
3
623
61
324
165
87
8
279
98
752
178
-1
222
-1
36
29
620
-1
273
-1
50
155
23
-1
1
22
160
369
175
18
23
426
200
13
286
89
137
94
-1
179
41
1
89
111
347
387
247
571
25
-1
30
333
23
13
570
33
12
202
23
279
-1
466
105
58
529
6
57
562
23
572
133
49
519
23
94
44
148
178
12
-1
147
100
497
331
-1
115
-1
73
37
19
271
573
-1
56
-1
36
-1
172
22
574
95
127
438
31
56
575
-1
576
723
533
564
18
42
577
212
50
143
138
-1
110
403
56
109
238
33
277
56
50
769
217
184
724
203
540
-1
138
23
50
7
-1
569
127
810
259
300
57
75
-1
380
21
374
135
13
88
109
64
147
23
39
2
103
23
70
281
578
128
548
305
48
62
579
81
131
286
62
56
112
263
53
158
41
123
141
21
61
234
44
82
23
237
127
43
230
452
623
129
-1
55
-1
33
485
88
253
33
52
-1
-1
186
67
1
211
504
1
502
-1
1
-1
293
274
580
197
267
50
13
866
191
561
172
-1
581
180
21
150
23
127
407
22
37
582
36
691
-1
57
13
474
4
102
23
87
15
192
87
532
-1
56
289
447
-1
685
492
534
23
-1
-1
17
156
22
136
86
134
83
23
170
4
111
286
23
268
674
104
219
40
28
300
32
23
-1
-1
435
134
24
435
312
-1
128
551
50
291
-1
125
111
36
251
13
441
138
583
188
-1
457
45
268
148
23
584
120
585
213
212
33
1
-1
67
145
97
49
263
64
196
132
349
42
67
-1
342
163
47
49
73
75
52
1
296
33
193
469
206
114
176
140
12
399
43
92
-1
22
15
523
217
586
587
62
-1
-1
46
-1
146
-1
-1
504
280
33
3
347
146
82
104
-1
250
1
588
28
12
70
345
140
-1
164
574
-1
589
-1
782
22
31
-1
164
12
3
19
17
373
143
590
73
-1
-1
23
58
-1
1
50
26
18
128
510
-1
340
212
685
134
-1
50
497
509
839
-1
22
82
75
36
265
3
50
318
-1
428
363
4
-1
54
39
347
493
591
254
592
-1
372
373
-1
11
118
332
157
-1
-1
102
23
-1
-1
-1
84
22
80
87
402
520
23
158
12
36
720
33
137
145
279
201
612
14
446
33
-1
82
146
36
-1
50
98
106
367
561
10
48
87
-1
99
593
1
12
159
531
157
69
50
84
33
-1
61
678
594
-1
23
13
178
-1
595
251
24
254
23
270
235
327
-1
481
-1
150
297
171
-1
50
-1
861
127
158
-1
13
-1
178
553
273
178
53
145
33
492
281
596
-1
-1
12
141
13
3
287
23
597
14
468
5
291
508
477
23
25
74
-1
145
23
23
288
6
23
397
42
80
-1
42
68
283
342
324
30
-1
-1
8
281
86
221
332
98
-1
150
19
100
39
50
33
-1
111
359
213
334
74
-1
135
598
71
108
-1
-1
23
-1
296
101
56
121
13
-1
156
97
208
478
-1
398
112
19
176
-1
23
171
65
144
497
813
-1
82
-1
-1
316
865
33
397
-1
785
591
-1
87
123
-1
50
41
-1
67
36
643
147
22
23
85
373
305
30
26
775
679
30
438
691
331
-1
127
146
50
-1
96
512
91
602
289
67
-1
111
23
19
4
443
118
266
13
1
30
5
-1
206
599
265
23
54
18
258
172
146
-1
486
350
-1
-1
41
200
50
600
269
88
23
-1
371
-1
68
15
24
351
137
133
296
67
23
44
62
630
-1
72
33
598
88
785
-1
33
601
13
374
505
23
-1
130
145
171
189
145
58
-1
845
102
23
-1
56
327
-1
-1
109
150
359
190
148
421
5
-1
602
102
-1
496
399
23
329
164
-1
13
292
181
-1
-1
192
52
-1
12
-1
-1
280
826
482
133
76
88
177
328
137
1
186
12
374
137
23
33
127
72
571
213
46
95
33
95
-1
26
281
19
84
367
31
423
174
17
375
122
21
39
24
14
89
-1
-1
73
318
388
445
104
519
82
471
23
33
289
115
36
591
120
26
475
71
23
82
23
221
50
21
150
-1
37
280
98
13
38
33
776
54
87
149
470
98
110
56
23
281
-1
121
-1
-1
-1
184
94
13
253
-1
112
-1
122
75
372
101
606
87
209
150
-1
603
6
302
539
22
753
340
334
-1
82
360
1
568
389
94
-1
176
481
-1
25
61
306
44
767
-1
128
12
235
130
157
-1
8
177
88
103
103
56
12
193
-1
834
-1
746
54
172
604
15
22
485
13
201
354
-1
36
138
605
-1
46
515
73
93
50
468
449
377
266
56
-1
249
24
6
201
606
50
75
50
54
2
22
809
129
36
19
-1
-1
53
334
464
-1
146
269
12
70
429
-1
7
28
13
436
221
-1
50
30
-1
229
213
-1
21
162
-1
-1
26
18
189
50
-1
201
-1
176
-1
-1
690
558
575
502
-1
570
245
62
22
286
169
-1
128
26
223
607
22
452
349
54
140
26
608
54
178
-1
-1
244
153
138
94
23
158
12
25
-1
609
23
134
-1
45
125
50
310
-1
610
279
22
13
377
-1
560
388
854
-1
198
306
270
324
-1
23
9
19
449
787
82
197
13
321
204
50
743
50
171
-1
-1
21
23
87
177
204
-1
-1
-1
128
-1
611
127
29
33
23
53
-1
520
23
172
206
-1
-1
281
23
82
22
1
178
612
692
88
84
556
23
-1
613
88
183
-1
198
37
-1
110
88
716
271
614
329
198
53
474
468
98
-1
19
130
88
41
110
228
23
37
615
33
61
82
33
-1
151
97
99
-1
219
351
149
-1
88
616
149
23
607
371
286
63
-1
384
36
128
87
286
44
204
11
617
22
180
-1
143
93
143
106
243
144
92
778
256
846
797
-1
-1
277
98
13
-1
21
277
-1
217
128
212
-1
176
223
-1
46
34
23
286
175
130
129
357
12
-1
87
7
88
231
618
565
349
248
306
142
24
18
-1
23
290
245
11
-1
23
206
21
295
270
630
13
280
50
13
11
-1
128
21
206
1
67
620
206
212
122
716
619
171
21
-1
13
251
620
-1
72
498
-1
475
-1
221
304
318
323
30
21
146
37
87
22
-1
12
100
23
332
298
108
30
47
12
23
23
380
1
88
425
266
23
133
26
53
33
-1
10
58
-1
33
186
-1
14
21
175
33
178
176
-1
482
13
318
6
250
363
694
579
65
46
171
183
45
22
24
181
601
59
23
-1
164
13
52
-1
-1
33
58
21
418
22
-1
621
317
178
386
232
90
598
313
18
19
-1
19
-1
-1
433
561
-1
622
62
243
50
623
549
785
97
443
53
27
-1
40
21
95
12
35
230
-1
-1
127
459
170
130
-1
189
130
41
-1
98
31
271
40
78
197
272
13
167
26
45
23
-1
548
496
-1
191
423
38
854
23
241
37
23
82
486
-1
1
143
-1
185
209
81
-1
18
624
58
136
106
42
23
581
-1
-1
-1
147
625
232
-1
318
50
46
393
338
50
317
470
393
425
511
88
18
23
-1
138
-1
-1
803
447
323
-1
329
41
23
148
84
607
8
626
-1
151
173
77
-1
36
33
627
145
628
614
629
-1
13
377
-1
281
98
83
-1
481
13
17
345
-1
630
611
162
631
633
36
-1
147
305
21
146
162
154
21
331
23
685
-1
-1
498
86
162
62
632
-1
633
77
285
539
-1
341
88
23
166
187
247
416
534
1
50
612
102
41
143
791
262
23
-1
388
334
50
33
95
23
17
273
484
178
62
42
123
80
23
327
7
-1
-1
170
23
324
1
87
115
3
634
-1
13
-1
532
23
3
93
482
50
641
399
311
425
23
269
56
87
73
22
485
633
21
543
147
-1
347
42
23
-1
359
59
23
264
182
407
157
33
519
544
248
-1
256
-1
-1
138
205
50
293
456
482
383
59
-1
136
-1
30
82
22
262
678
648
501
-1
22
82
-1
-1
217
457
-1
22
37
455
211
19
590
-1
175
635
641
23
269
229
33
97
12
636
135
221
-1
131
50
44
467
98
65
23
-1
565
716
820
-1
-1
637
-1
86
14
131
182
108
281
638
470
326
273
358
58
468
82
410
604
-1
75
50
279
-1
148
33
-1
-1
13
445
290
34
46
30
578
50
77
22
37
-1
315
179
273
23
-1
195
88
-1
-1
22
111
115
23
614
150
-1
639
293
13
13
784
-1
127
686
21
-1
100
75
-1
23
501
201
18
158
17
56
640
69
140
171
286
-1
10
146
643
13
14
148
206
1
57
-1
-1
486
210
22
198
21
57
172
565
504
23
130
150
23
23
296
58
714
-1
216
58
256
-1
474
600
202
-1
-1
400
4
266
146
3
225
-1
276
454
156
41
80
14
36
107
-1
-1
60
-1
75
93
127
-1
641
33
155
230
191
839
13
-1
197
200
-1
642
1
213
339
145
153
390
149
294
17
386
52
22
643
316
56
147
12
21
286
588
372
206
30
746
-1
46
248
80
600
-1
23
169
177
507
360
189
23
200
170
13
23
17
148
33
493
23
118
31
-1
388
-1
-1
460
644
-1
335
64
-1
121
146
23
33
589
150
19
540
481
75
-1
-1
77
23
43
-1
-1
111
7
113
91
111
6
771
686
44
33
650
-1
22
250
148
49
-1
23
469
23
23
15
37
36
482
69
443
-1
283
221
221
-1
282
323
263
-1
-1
150
-1
41
22
845
-1
50
31
-1
33
1
84
23
589
32
217
383
-1
233
323
245
84
41
438
103
474
36
201
270
-1
143
-1
295
456
274
111
23
89
410
-1
599
367
420
612
-1
23
54
34
11
645
264
266
33
325
333
86
148
646
146
36
288
506
73
534
274
70
-1
50
564
171
-1
86
230
50
647
758
23
41
-1
438
163
33
13
175
87
204
217
473
26
556
22
41
83
353
325
23
33
-1
3
809
499
248
291
846
630
50
36
648
21
-1
127
-1
498
176
72
511
289
175
537
41
18
23
98
13
-1
138
649
8
22
158
151
-1
-1
12
281
341
679
197
23
609
-1
221
471
7
128
88
50
1
268
565
75
650
230
312
50
548
23
1
217
569
50
12
341
84
21
158
201
578
50
50
13
86
44
177
15
475
50
108
175
-1
58
457
98
708
147
23
-1
347
87
482
37
174
99
291
-1
418
-1
50
434
416
-1
-1
66
74
189
-1
61
272
377
617
269
33
271
23
-1
463
373
536
64
-1
-1
23
49
482
162
600
201
547
33
40
286
128
109
56
86
56
94
-1
32
117
418
547
-1
68
21
136
651
13
-1
-1
261
779
-1
31
147
-1
161
17
-1
431
188
428
436
-1
50
847
-1
22
18
159
484
230
112
338
13
79
23
292
170
-1
23
271
180
-1
462
719
398
149
-1
549
593
56
-1
-1
147
-1
-1
397
89
58
109
23
158
82
1
652
653
12
654
23
61
461
-1
62
-1
12
26
23
155
655
447
152
204
559
114
1
360
50
23
288
22
-1
153
134
159
-1
18
13
23
37
87
347
56
128
23
75
15
285
24
409
49
187
291
204
45
175
-1
656
-1
250
13
810
-1
70
1
79
-1
657
-1
94
133
269
-1
732
541
339
102
-1
93
50
1
385
128
274
-1
126
54
13
87
286
374
380
23
443
477
248
260
421
250
55
12
-1
192
354
22
280
22
88
813
134
788
791
-1
62
-1
388
157
70
438
132
217
-1
280
383
327
50
17
244
50
-1
308
149
161
492
133
477
316
-1
84
121
88
-1
425
125
417
12
6
145
79
424
257
1
33
50
263
58
100
533
658
1
130
41
13
-1
212
15
170
23
82
19
57
55
552
522
21
221
146
288
-1
278
13
-1
331
590
-1
659
742
186
-1
492
-1
53
97
23
671
-1
-1
72
41
17
276
3
87
147
777
813
12
660
592
82
45
172
491
111
407
90
381
36
33
834
-1
30
138
12
342
36
69
607
-1
31
45
337
160
13
130
112
50
92
230
168
296
-1
57
261
658
-1
94
407
-1
266
56
340
174
94
263
188
97
300
23
320
83
-1
13
56
297
50
81
661
21
103
23
23
23
432
146
589
-1
95
14
50
491
221
221
135
541
17
383
153
515
171
23
288
22
20
150
-1
359
662
39
82
81
289
431
663
122
212
-1
417
462
50
57
336
506
146
286
452
22
23
664
641
40
665
176
147
111
357
376
-1
36
-1
687
111
201
88
-1
-1
23
146
41
210
88
115
489
24
50
-1
37
189
12
85
570
666
-1
667
105
88
23
-1
40
23
56
-1
22
111
417
414
82
583
50
502
33
-1
566
3
548
271
56
-1
466
229
574
172
-1
12
41
217
-1
497
61
183
305
-1
256
426
385
8
54
428
326
93
115
13
21
1
96
152
88
145
102
23
121
21
188
57
152
65
-1
686
43
524
40
14
13
50
319
12
-1
-1
667
72
23
23
12
67
69
202
277
22
641
178
1
641
-1
23
176
50
466
176
33
386
156
281
342
103
19
28
620
285
107
340
318
102
668
57
145
645
3
15
6
60
21
377
-1
669
584
225
188
435
12
149
3
-1
1
499
670
26
141
432
313
80
785
504
122
671
810
103
191
165
179
281
477
295
208
178
121
150
39
622
473
145
468
1
67
89
504
23
416
21
6
87
36
6
350
-1
41
113
89
428
123
-1
-1
146
63
12
23
23
238
58
473
13
583
541
10
-1
389
757
342
111
119
518
23
347
98
52
142
22
672
22
-1
280
37
218
50
23
382
44
146
327
93
-1
318
94
334
491
50
-1
393
51
268
37
23
452
362
145
161
-1
41
47
673
34
238
147
148
-1
56
-1
-1
-1
145
674
419
112
16
15
33
87
175
33
-1
8
37
127
23
73
15
502
394
43
563
321
88
14
23
122
178
105
675
7
837
223
390
4
87
-1
420
58
-1
147
676
15
145
19
365
401
17
407
217
-1
-1
206
289
22
677
328
137
65
149
383
188
148
64
7
844
312
-1
33
84
102
-1
336
6
680
429
96
303
485
549
98
613
196
243
272
50
280
-1
-1
39
88
18
39
50
423
50
111
-1
19
370
58
213
692
110
392
82
-1
23
367
49
244
37
-1
431
73
204
137
37
678
52
120
166
56
21
36
271
36
548
95
145
-1
29
679
43
192
-1
135
86
809
641
-1
281
50
360
213
147
-1
3
22
264
23
267
788
36
-1
526
501
33
-1
150
-1
83
-1
680
44
13
341
-1
107
85
217
87
293
208
454
33
681
568
-1
110
-1
413
266
-1
89
36
-1
88
98
-1
-1
-1
41
75
-1
-1
-1
-1
663
-1
115
552
682
416
6
549
333
217
502
472
683
499
107
129
106
286
204
334
568
87
230
22
488
33
50
59
85
33
-1
31
50
213
332
83
195
583
-1
266
-1
318
5
263
23
213
-1
6
80
190
21
21
147
12
88
137
146
-1
156
50
498
-1
-1
-1
670
297
174
493
50
211
225
256
794
157
555
21
186
-1
23
358
23
289
-1
203
56
406
23
437
-1
-1
363
585
12
26
22
72
83
36
177
-1
241
82
23
147
-1
99
208
-1
-1
479
350
111
7
494
89
106
50
23
6
-1
21
230
110
58
184
-1
-1
23
23
50
607
-1
176
44
573
-1
7
23
175
46
-1
210
184
322
1
528
270
-1
162
33
314
684
-1
480
264
331
309
493
113
-1
484
87
-1
-1
247
200
496
502
14
186
282
82
77
418
179
23
771
72
685
111
36
834
253
88
317
2
166
21
176
57
22
-1
241
-1
325
530
140
436
150
32
114
372
63
-1
75
98
178
23
-1
23
-1
23
3
111
73
-1
-1
-1
221
71
147
232
121
111
219
81
40
50
828
114
128
229
41
283
30
373
17
39
571
22
249
179
-1
-1
736
225
6
14
356
347
-1
130
13
574
-1
88
80
362
23
12
686
228
7
598
148
548
80
87
24
647
177
185
-1
18
161
56
286
33
350
289
296
50
496
104
-1
101
34
22
36
219
-1
141
38
13
50
611
341
143
-1
-1
23
22
-1
436
395
-1
97
178
171
-1
559
351
359
150
179
127
302
22
72
-1
359
589
-1
373
-1
383
13
241
51
244
67
23
189
466
-1
24
23
213
381
113
23
241
326
34
-1
33
-1
-1
249
244
438
832
752
50
173
81
399
56
268
22
37
551
23
-1
243
365
115
103
286
438
-1
12
-1
416
-1
7
393
329
26
200
112
17
22
270
127
122
73
12
21
170
599
617
52
148
12
221
-1
313
149
43
332
253
59
12
313
72
135
21
25
63
-1
23
12
-1
455
1
26
88
30
153
-1
75
30
565
-1
-1
-1
419
33
-1
165
687
-1
50
216
274
27
1
22
625
542
149
23
21
288
-1
643
1
187
167
188
-1
459
318
98
622
22
19
-1
207
79
108
107
511
269
-1
293
688
-1
130
56
-1
-1
158
316
689
127
50
-1
266
203
266
127
-1
33
23
56
127
178
761
331
29
254
-1
575
183
174
333
134
690
18
93
33
201
691
142
425
19
171
475
-1
60
630
295
134
207
64
60
150
46
23
13
274
355
-1
21
56
319
119
466
630
385
-1
147
108
-1
625
-1
133
23
50
192
50
13
147
56
-1
281
22
111
499
-1
329
33
87
-1
-1
271
72
23
145
240
-1
672
-1
-1
388
-1
36
-1
50
273
22
691
1
-1
56
-1
70
-1
145
7
813
106
50
-1
394
342
263
23
23
1
-1
17
312
-1
100
36
-1
3
-1
-1
12
30
75
568
622
134
159
131
666
201
135
9
50
42
527
-1
27
47
151
-1
240
692
349
-1
33
13
-1
125
42
540
53
82
256
55
87
87
625
-1
263
-1
6
150
-1
72
693
152
92
281
12
22
17
262
249
22
347
176
460
496
200
122
127
88
134
105
-1
295
33
190
13
21
293
23
70
58
79
13
23
194
132
33
438
733
36
172
115
680
-1
743
-1
318
536
694
37
254
483
23
283
21
312
695
-1
184
87
-1
12
163
188
-1
121
229
342
273
338
445
462
-1
-1
206
616
21
50
50
288
86
-1
455
424
114
672
178
55
639
145
80
56
22
-1
-1
-1
23
21
2
111
-1
405
696
167
634
178
-1
22
34
56
240
179
-1
94
-1
144
188
-1
402
108
50
5
23
12
175
23
50
1
222
334
95
50
88
230
23
21
407
365
228
33
286
136
32
17
180
-1
-1
697
31
291
23
-1
743
33
383
101
360
41
-1
110
36
426
175
824
482
599
-1
516
454
222
77
286
312
-1
17
56
37
525
108
-1
327
52
150
33
293
23
50
115
49
279
-1
14
58
438
56
88
-1
-1
-1
2
474
-1
526
112
309
-1
324
112
680
23
23
50
345
37
-1
12
32
132
206
217
56
33
384
44
21
123
97
45
212
698
40
146
-1
633
193
23
1
21
-1
80
172
660
33
685
50
67
-1
849
448
23
38
193
33
94
82
274
-1
300
208
109
188
23
-1
22
12
598
67
623
107
436
493
12
667
-1
85
77
147
558
-1
-1
-1
187
812
54
188
565
278
679
-1
-1
42
-1
12
41
-1
-1
22
100
50
15
111
749
-1
100
-1
-1
272
178
809
6
289
108
74
296
567
1
813
208
213
499
30
120
85
-1
-1
13
86
1
438
-1
43
149
74
44
534
149
-1
214
103
87
-1
13
50
174
555
520
33
-1
68
359
570
353
93
103
13
23
116
119
574
103
630
172
-1
99
294
149
322
-1
33
197
188
52
364
-1
613
-1
256
492
471
187
671
477
-1
23
204
-1
552
22
186
111
50
660
184
249
23
574
407
-1
475
100
198
147
48
180
699
22
50
617
39
-1
-1
94
270
-1
19
6
33
533
12
22
12
27
80
23
362
438
-1
165
511
368
65
44
1
36
52
334
410
-1
362
265
496
437
24
111
507
190
269
5
37
171
326
136
342
433
195
171
108
-1
342
1
22
560
438
308
127
700
-1
-1
65
23
51
33
-1
243
87
755
22
21
-1
-1
214
94
297
138
22
577
33
13
264
17
50
109
494
109
154
543
193
133
127
125
99
209
-1
201
149
57
272
312
55
248
381
668
-1
14
341
-1
178
1
526
53
189
178
-1
69
56
192
-1
79
-1
767
57
180
80
623
40
233
691
-1
177
75
344
-1
607
23
55
87
21
87
74
-1
82
56
334
127
87
111
402
23
350
701
617
-1
-1
128
575
12
-1
111
363
-1
429
691
269
14
69
80
33
33
875
-1
702
509
18
549
36
412
13
111
551
134
33
154
33
-1
23
13
302
-1
162
269
233
13
107
87
692
33
53
-1
158
52
127
305
584
158
144
44
-1
21
14
-1
-1
489
248
157
15
98
-1
466
139
97
400
-1
456
332
570
87
34
503
267
302
40
-1
53
120
265
130
338
47
-1
633
327
36
201
46
54
23
-1
8
301
-1
300
133
703
137
381
23
134
12
3
23
-1
58
423
-1
1
-1
704
57
221
178
23
98
687
58
153
52
-1
-1
279
269
2
380
85
306
438
285
286
182
22
572
13
23
331
7
12
171
167
50
36
33
58
23
151
402
283
88
-1
50
65
12
-1
23
23
-1
212
1
228
269
134
164
78
201
180
-1
52
82
468
281
178
174
397
6
72
-1
59
147
27
141
33
5
37
-1
23
33
287
17
434
24
13
12
-1
23
221
674
30
72
49
23
172
173
33
13
23
176
37
813
49
716
432
149
31
12
106
99
133
355
145
36
10
1
705
347
38
98
-1
36
12
191
162
50
94
186
92
-1
536
186
256
273
176
581
633
33
1
243
-1
375
115
-1
53
484
341
-1
111
193
-1
-1
37
-1
109
-1
31
706
245
-1
560
324
12
170
147
178
170
14
50
382
604
279
35
330
167
-1
25
127
707
146
-1
23
761
-1
-1
12
182
286
685
22
146
50
-1
200
-1
-1
50
41
50
33
74
91
152
674
134
94
26
679
13
-1
225
-1
88
56
23
177
36
176
72
398
539
-1
810
146
-1
33
36
252
132
82
69
41
-1
23
23
71
652
21
-1
264
264
-1
33
100
65
23
162
375
4
494
22
143
128
23
-1
-1
466
145
344
169
-1
22
55
338
443
708
61
44
97
438
168
470
-1
740
109
81
134
-1
17
95
50
400
23
56
2
176
21
33
50
709
471
265
111
-1
236
179
33
373
97
-1
26
143
331
254
99
76
412
262
284
262
58
96
238
345
17
200
52
50
423
-1
91
309
21
34
12
85
512
186
385
-1
149
447
122
13
67
-1
566
102
13
176
271
-1
233
330
648
214
-1
-1
-1
103
-1
13
710
40
356
146
45
374
111
135
88
288
317
-1
-1
153
12
23
327
145
120
711
627
-1
171
22
392
119
170
-1
94
609
50
21
234
50
-1
106
262
529
211
145
273
49
1
100
122
33
614
12
88
340
95
61
50
-1
407
50
88
13
474
3
342
148
87
695
588
33
33
485
-1
-1
232
92
-1
38
111
137
396
428
192
178
147
25
206
24
41
776
56
36
25
85
789
433
594
50
283
36
93
300
362
531
279
33
-1
824
123
198
10
272
56
598
535
130
432
197
561
479
-1
106
74
-1
23
-1
176
150
23
165
82
111
575
101
177
-1
41
-1
-1
348
1
23
398
64
187
288
23
146
305
82
452
640
26
168
33
620
23
46
386
293
443
8
135
712
149
555
19
-1
-1
-1
33
329
387
574
183
31
-1
95
136
340
286
197
713
238
61
193
23
274
14
50
-1
147
262
178
112
200
714
62
13
-1
237
574
-1
262
-1
1
-1
473
-1
55
325
559
170
347
159
50
454
782
125
715
-1
417
161
686
13
288
47
-1
718
581
695
8
481
97
68
122
267
122
718
137
283
-1
272
121
251
199
213
-1
280
510
28
-1
548
423
420
56
509
163
411
341
206
21
208
393
154
39
82
146
59
716
827
597
135
75
111
-1
363
26
633
97
-1
316
91
137
88
717
-1
475
160
-1
23
-1
429
169
291
317
200
21
-1
718
42
22
224
30
567
437
82
589
583
707
131
37
719
611
146
474
556
224
56
93
-1
129
17
13
75
468
-1
394
3
40
646
121
154
149
72
312
571
23
482
441
170
50
-1
-1
33
49
87
519
237
837
23
171
-1
230
12
467
513
111
-1
84
108
692
504
36
388
270
437
353
23
150
644
373
41
222
146
-1
77
-1
88
37
93
-1
22
23
720
-1
240
319
149
37
90
389
-1
147
127
-1
429
23
33
-1
-1
325
125
75
-1
23
93
88
56
19
82
181
383
-1
293
1
149
88
1
447
622
98
581
199
33
322
127
327
-1
325
289
43
-1
23
36
83
778
177
140
50
172
430
-1
23
450
17
-1
68
165
738
-1
117
82
1
602
61
40
135
172
-1
-1
194
87
3
481
360
787
685
416
107
340
33
652
337
462
303
-1
21
56
-1
50
668
510
273
206
424
-1
5
-1
56
50
210
165
41
-1
-1
-1
570
679
673
362
85
43
39
183
1
50
188
55
111
145
288
721
41
251
88
-1
-1
596
-1
33
324
-1
70
23
23
23
-1
237
23
57
803
233
63
509
153
127
28
95
22
233
50
822
54
33
-1
56
50
141
256
-1
559
24
13
13
452
520
532
56
722
198
251
212
87
-1
-1
-1
15
149
125
644
250
80
-1
23
-1
-1
-1
196
146
8
13
108
89
-1
34
96
23
243
109
576
173
69
162
-1
-1
23
116
332
72
111
286
63
22
170
446
274
146
-1
158
58
247
-1
262
677
12
134
297
174
22
-1
50
97
23
56
-1
568
59
-1
263
33
210
-1
-1
318
12
194
-1
130
375
477
-1
-1
338
833
88
429
-1
217
138
-1
-1
-1
-1
502
723
69
23
473
12
12
561
23
407
264
521
17
-1
439
147
7
-1
176
-1
144
161
724
672
468
-1
-1
83
76
-1
193
-1
77
22
82
93
32
206
165
56
12
33
45
423
466
127
22
111
37
50
253
864
-1
448
98
188
387
6
-1
200
12
373
578
177
53
100
130
154
210
-1
162
156
-1
378
61
415
187
146
-1
-1
146
21
31
194
45
-1
-1
13
126
115
13
145
810
582
564
351
599
725
-1
98
23
50
5
466
621
40
50
-1
187
-1
-1
3
197
315
82
145
293
69
419
776
50
-1
21
612
12
122
12
54
23
37
363
21
282
593
273
50
548
283
137
129
238
173
264
135
77
164
1
-1
505
-1
-1
154
708
23
-1
26
12
-1
36
87
98
100
177
127
170
37
260
203
339
-1
281
149
19
243
13
-1
-1
-1
726
204
23
303
534
57
83
587
326
50
221
-1
216
-1
3
84
531
50
-1
396
221
232
80
1
158
196
21
37
-1
147
297
128
138
56
197
30
55
13
174
727
728
137
200
98
130
-1
111
-1
158
56
-1
450
111
293
31
674
57
227
22
-1
91
483
65
416
136
824
121
269
32
300
178
721
-1
127
212
23
21
240
103
559
400
14
56
75
50
178
212
250
50
45
-1
271
140
30
216
52
33
17
13
575
658
-1
599
102
13
21
785
128
429
54
503
714
9
221
258
338
344
331
3
40
530
-1
611
76
-1
629
37
263
-1
146
264
424
23
1
146
277
477
65
-1
-1
50
673
729
93
8
378
200
224
309
368
-1
172
13
57
221
310
82
374
22
-1
803
-1
377
50
24
168
88
87
2
33
23
-1
270
584
276
33
23
-1
445
-1
173
761
737
222
-1
810
87
23
117
785
161
20
20
-1
13
-1
178
370
562
115
13
-1
425
453
123
136
-1
-1
115
520
137
13
39
158
559
-1
75
269
328
79
74
730
53
373
20
33
292
-1
-1
138
23
208
23
124
63
86
360
33
-1
638
12
122
377
133
541
228
41
542
50
153
12
250
14
12
244
234
400
185
82
399
23
84
273
21
50
150
622
-1
150
133
23
339
360
42
173
152
14
138
658
347
256
26
148
-1
172
-1
-1
5
16
165
50
355
23
33
77
425
-1
124
36
477
28
93
-1
806
128
517
191
154
6
-1
312
-1
-1
143
-1
14
-1
58
573
194
86
108
72
221
36
54
50
405
785
138
80
44
19
765
561
110
-1
39
-1
556
332
62
713
-1
36
103
344
281
552
98
459
136
789
-1
-1
23
42
50
-1
71
57
13
-1
133
731
227
329
557
22
177
23
-1
17
305
50
777
88
135
311
23
-1
12
99
41
-1
-1
179
159
33
13
313
459
-1
-1
23
23
40
150
37
-1
23
145
264
437
446
127
496
362
395
176
198
229
2
23
23
23
95
88
194
127
31
489
87
71
94
238
-1
-1
480
37
71
111
42
-1
102
56
50
447
236
6
148
-1
39
732
12
17
331
138
-1
136
387
-1
294
42
37
15
23
36
23
197
588
494
194
273
50
121
16
127
23
264
29
194
223
774
75
313
113
216
270
328
16
264
13
-1
314
155
50
132
123
127
733
116
95
182
50
39
583
127
-1
146
217
233
699
-1
389
129
716
-1
21
157
570
172
13
33
22
203
466
89
619
281
57
-1
33
23
11
-1
-1
52
21
443
734
23
225
56
-1
-1
-1
-1
669
-1
643
23
13
-1
41
492
475
735
32
495
12
23
-1
437
-1
33
22
-1
353
506
373
-1
13
148
-1
791
23
736
1
39
23
-1
574
161
42
23
319
-1
400
737
50
107
630
666
-1
407
568
5
52
36
108
584
630
193
286
337
283
45
-1
103
88
150
199
360
450
186
646
170
128
-1
-1
97
-1
130
-1
311
100
147
-1
1
425
782
-1
23
15
738
50
398
108
127
103
30
12
23
127
-1
15
30
36
739
143
14
132
207
740
123
621
50
12
128
-1
191
-1
491
41
741
59
37
470
24
-1
462
145
35
574
21
455
47
111
475
133
-1
100
194
23
461
298
374
357
-1
650
106
17
129
666
44
332
264
389
-1
362
336
-1
36
87
-1
-1
6
716
91
742
13
-1
23
54
94
-1
266
-1
53
561
201
340
604
-1
624
474
17
674
-1
50
341
-1
357
-1
34
309
36
111
82
180
53
691
432
50
418
280
62
21
48
50
412
-1
9
131
75
18
272
118
162
72
1
54
22
380
194
-1
352
570
176
480
46
481
603
35
26
-1
149
221
253
33
8
355
-1
7
271
46
338
338
446
472
468
125
-1
-1
22
90
13
240
619
146
270
391
115
30
-1
293
108
-1
198
52
364
137
21
187
3
271
23
23
12
810
286
12
-1
336
224
36
339
-1
687
238
50
-1
230
774
191
454
130
24
12
253
493
224
147
360
263
23
296
277
-1
289
20
139
23
128
53
-1
-1
146
-1
56
241
506
679
-1
556
50
121
664
99
-1
40
121
279
-1
-1
743
394
23
560
23
39
221
120
399
-1
827
1
441
37
-1
402
744
-1
42
-1
161
745
556
53
-1
174
132
-1
-1
23
280
167
-1
23
-1
-1
121
23
238
3
458
131
91
53
-1
4
515
-1
50
50
301
259
515
380
-1
384
314
22
17
75
592
80
23
111
142
477
690
32
21
644
-1
-1
-1
111
-1
339
23
579
312
30
-1
235
-1
-1
12
-1
36
50
693
-1
328
58
-1
499
-1
17
644
89
623
263
269
-1
23
54
23
673
38
170
154
111
-1
1
548
-1
-1
12
85
232
13
107
47
746
54
87
130
50
-1
82
527
-1
15
39
747
570
266
328
13
11
88
478
669
3
503
228
358
437
407
80
-1
23
111
-1
685
-1
130
23
135
208
65
129
145
-1
-1
428
-1
337
379
197
643
67
155
140
136
-1
711
58
204
88
136
102
37
217
-1
50
42
549
41
36
24
-1
98
88
270
50
294
23
332
-1
-1
-1
208
-1
264
157
791
13
-1
292
33
204
53
201
548
99
12
286
-1
421
6
69
520
11
1
265
62
23
-1
50
674
107
146
161
620
41
87
820
2
164
484
312
-1
125
127
446
274
-1
350
280
159
4
23
22
-1
540
161
23
388
-1
-1
-1
41
134
130
23
259
86
395
143
-1
12
109
64
199
186
46
-1
22
176
1
140
322
730
582
748
313
83
248
23
159
102
-1
111
-1
15
142
22
312
-1
54
455
633
533
532
380
175
56
266
183
12
50
364
-1
23
42
828
22
73
462
33
102
-1
423
97
379
425
469
145
273
23
50
36
-1
183
201
42
127
-1
-1
-1
1
371
749
359
183
803
178
33
554
4
145
56
145
362
100
240
-1
750
543
-1
13
88
23
50
431
300
83
751
-1
108
81
752
65
122
93
-1
149
568
46
237
19
416
94
219
144
-1
57
-1
720
22
50
259
738
-1
-1
80
37
288
753
50
570
565
-1
31
48
50
387
429
-1
147
313
18
-1
12
146
133
33
15
-1
513
37
378
674
-1
479
772
408
270
374
30
3
652
-1
436
382
320
560
482
50
-1
-1
-1
226
163
12
111
367
621
37
266
31
1
-1
23
49
-1
108
256
342
496
459
647
836
568
138
-1
146
138
26
-1
-1
268
-1
87
76
63
-1
785
296
324
111
269
19
127
-1
394
149
-1
48
156
619
116
41
186
62
82
122
15
22
441
429
459
-1
561
22
162
210
354
169
283
-1
127
-1
260
22
208
162
145
181
-1
187
633
230
121
-1
515
122
23
23
36
-1
-1
13
-1
87
161
177
496
266
282
161
13
77
33
172
-1
200
46
-1
-1
565
462
211
-1
55
115
50
418
23
336
23
111
-1
50
50
146
660
42
261
125
395
111
-1
777
787
53
23
-1
36
23
658
-1
337
103
121
641
64
633
22
-1
30
33
325
21
230
23
135
392
22
-1
23
-1
87
189
258
266
123
62
-1
36
26
21
8
190
23
57
121
167
50
39
-1
122
477
72
91
23
754
297
88
264
15
504
-1
551
26
43
50
659
602
88
-1
143
96
12
134
110
148
22
223
733
283
12
-1
37
384
98
62
37
1
31
221
43
2
146
156
19
867
170
23
241
50
171
37
646
158
90
158
438
-1
37
127
268
-1
72
453
-1
122
36
304
562
294
54
-1
467
265
538
127
362
47
338
-1
757
328
-1
100
23
94
56
21
130
-1
50
87
19
86
655
113
23
6
560
456
82
37
2
88
520
-1
301
464
-1
523
-1
-1
134
14
22
643
563
248
418
41
16
111
186
146
-1
-1
-1
150
755
13
144
242
23
-1
113
420
123
429
329
-1
-1
54
-1
-1
324
296
264
489
-1
30
23
-1
171
-1
176
43
548
424
270
243
33
-1
-1
287
357
-1
44
58
73
756
23
30
42
641
190
-1
548
162
613
581
145
22
151
-1
378
50
23
106
674
-1
-1
-1
27
191
272
-1
87
445
1
115
98
110
606
2
31
50
31
350
53
383
56
23
473
1
289
-1
110
-1
181
139
104
360
722
102
155
286
62
135
322
-1
331
1
388
-1
281
36
125
75
25
165
3
63
757
505
532
11
23
428
438
393
-1
33
207
23
20
587
153
172
329
3
552
672
15
11
-1
423
23
630
-1
54
-1
466
263
25
23
22
481
106
290
82
-1
128
12
468
192
170
112
137
96
23
19
32
-1
56
623
560
290
23
127
279
82
181
109
-1
497
192
663
111
36
-1
146
635
-1
127
111
58
746
214
122
90
111
13
82
-1
-1
178
168
124
363
56
22
827
367
758
646
759
194
-1
-1
-1
375
337
182
58
33
50
149
142
561
182
600
-1
50
1
-1
295
23
197
519
686
101
-1
1
120
760
686
-1
-1
-1
23
259
-1
383
-1
-1
131
191
23
300
40
1
41
50
513
-1
54
-1
54
37
213
828
425
197
30
-1
100
433
23
33
457
583
36
204
47
193
-1
508
235
417
-1
-1
96
7
149
-1
36
36
33
127
761
551
-1
25
160
172
12
209
631
12
263
793
-1
12
559
435
50
99
19
21
87
704
360
33
222
-1
762
-1
114
3
-1
59
590
353
-1
293
52
63
107
327
22
242
140
177
127
318
33
94
362
90
23
230
22
30
4
763
19
102
23
17
396
584
136
-1
193
35
-1
339
-1
124
221
-1
543
395
402
553
50
290
41
483
286
41
135
38
127
188
643
79
364
149
582
-1
-1
33
572
140
12
145
50
317
75
162
176
227
-1
548
39
402
84
764
765
83
128
287
396
37
109
322
318
272
87
359
121
63
318
380
565
641
82
208
339
716
87
-1
451
-1
80
103
-1
64
8
372
127
33
271
-1
148
145
93
138
73
45
198
33
4
385
13
91
-1
111
1
87
11
278
22
127
22
23
150
23
565
21
25
217
104
12
73
97
12
207
310
100
13
787
-1
-1
450
-1
373
9
203
101
22
358
334
17
621
23
55
327
111
-1
274
206
413
114
173
23
-1
-1
58
162
176
699
206
803
-1
33
210
213
619
564
22
111
22
135
467
766
-1
286
88
767
607
23
351
46
-1
203
448
103
146
380
-1
23
408
-1
21
228
293
56
49
243
-1
734
71
281
88
50
192
645
93
150
18
12
328
61
-1
204
742
-1
-1
116
83
-1
23
203
143
57
33
87
285
143
176
56
169
298
50
251
80
331
39
768
239
77
65
726
52
36
50
-1
13
331
12
582
281
127
560
383
-1
146
23
44
-1
65
52
253
72
23
507
19
54
72
439
482
23
50
33
467
23
-1
38
769
89
452
416
111
230
237
161
87
394
159
21
98
513
134
272
-1
13
822
200
37
216
145
482
22
-1
589
13
374
172
760
39
-1
97
296
436
127
106
147
6
26
553
12
171
-1
207
151
34
23
281
456
613
-1
65
134
137
58
145
479
341
704
28
87
23
400
21
299
93
94
290
15
133
123
281
692
23
88
1
549
380
210
459
685
740
23
176
110
830
204
56
95
369
-1
187
33
503
6
6
-1
19
20
281
21
93
93
22
711
-1
65
-1
548
564
159
4
36
262
165
34
149
347
511
487
329
70
36
13
56
646
770
88
-1
87
-1
771
388
41
172
23
333
7
50
125
146
7
56
3
772
296
598
165
100
187
3
13
57
149
23
117
50
171
134
581
171
130
-1
256
111
-1
84
80
185
156
-1
-1
23
23
23
312
378
87
590
347
672
-1
259
266
147
312
-1
23
238
273
50
112
127
9
7
1
50
22
622
803
131
-1
7
14
203
201
30
-1
87
91
97
452
50
266
250
774
269
612
605
11
23
101
120
-1
221
365
227
201
12
-1
-1
408
468
220
673
373
-1
55
-1
127
111
-1
-1
77
21
56
282
212
33
679
-1
22
229
6
803
271
450
75
23
64
773
560
132
358
1
56
181
161
150
-1
23
3
41
-1
193
483
188
58
23
-1
82
138
13
80
56
-1
586
774
338
58
194
292
-1
288
22
377
52
196
-1
37
446
648
803
184
87
102
12
186
-1
287
127
742
-1
318
118
36
423
424
33
140
174
13
464
225
70
36
589
561
1
-1
714
176
15
-1
643
6
124
21
84
775
33
-1
425
31
-1
157
22
-1
-1
196
272
-1
4
103
480
438
164
564
179
22
-1
505
313
21
176
329
131
12
61
217
-1
33
50
161
23
-1
747
135
706
37
115
33
145
43
103
147
54
188
14
329
581
296
33
-1
1
139
17
128
88
87
28
574
23
-1
261
4
732
99
-1
763
14
13
85
50
551
-1
217
46
245
23
146
-1
435
35
23
78
37
149
3
13
75
122
148
12
207
-1
493
23
165
17
1
12
785
844
-1
7
23
-1
135
333
678
-1
58
692
146
52
100
414
92
178
-1
506
776
103
-1
4
1
165
73
125
290
261
75
507
23
364
73
44
413
339
407
-1
-1
414
77
23
123
21
339
50
317
22
121
91
-1
28
23
273
13
214
-1
100
-1
761
36
50
169
240
56
178
541
6
50
-1
-1
178
-1
86
1
407
46
111
39
23
410
96
-1
67
625
83
21
73
177
-1
23
329
198
167
109
65
-1
221
43
-1
13
23
22
501
53
22
145
211
-1
-1
22
162
41
94
23
28
23
-1
186
71
777
87
-1
742
192
26
-1
237
466
177
155
174
-1
1
30
104
298
1
30
23
316
165
3
93
144
22
23
128
502
70
689
50
236
15
445
17
-1
148
130
23
22
384
73
338
-1
583
149
13
179
-1
785
27
-1
507
-1
778
39
41
4
33
378
-1
367
50
438
752
21
262
93
779
39
102
23
21
143
327
25
169
248
780
145
271
33
212
208
147
98
162
33
-1
396
-1
56
286
243
-1
289
22
-1
54
188
207
262
734
687
26
-1
56
201
63
584
302
111
12
213
93
-1
781
380
713
23
23
380
536
271
186
58
18
389
280
50
80
334
523
30
172
782
178
246
378
22
155
62
114
314
221
783
286
14
69
143
221
8
23
44
-1
820
24
-1
448
41
784
-1
23
52
87
208
-1
23
785
577
125
128
146
861
253
274
149
661
93
507
-1
694
147
83
283
633
-1
502
281
33
423
-1
56
190
-1
23
786
334
42
234
88
219
56
230
256
513
88
473
18
373
787
37
122
72
23
387
158
190
99
12
98
131
50
54
23
-1
251
163
49
449
93
788
235
193
2
301
527
50
497
728
23
-1
406
364
-1
50
77
256
281
286
186
23
-1
278
376
140
57
-1
286
111
568
672
232
502
28
50
-1
23
36
484
367
-1
356
527
-1
551
22
87
-1
262
43
200
-1
65
-1
-1
297
667
50
198
789
57
82
12
6
121
23
5
56
-1
33
65
419
443
297
-1
436
280
383
62
49
237
21
790
331
371
249
48
-1
-1
318
-1
67
757
1
221
15
55
50
-1
235
726
-1
-1
105
22
31
362
356
670
-1
61
111
68
772
50
12
10
238
286
-1
33
748
692
49
104
161
23
-1
419
30
-1
506
23
-1
368
360
222
3
94
13
576
43
791
-1
135
-1
329
334
192
342
82
127
21
493
36
3
148
50
-1
37
227
805
147
719
23
459
201
89
-1
-1
51
54
15
339
266
-1
269
-1
23
161
23
283
792
-1
728
161
276
84
-1
58
39
145
711
87
128
146
-1
4
136
380
30
23
37
84
455
56
91
105
-1
431
101
666
159
622
-1
660
633
33
170
26
130
87
148
-1
360
641
-1
3
312
19
630
-1
-1
171
-1
189
7
37
23
56
5
-1
17
37
33
38
128
53
272
793
393
-1
625
150
-1
133
201
52
-1
23
608
236
161
438
574
-1
146
222
720
447
23
-1
431
115
112
153
196
794
132
123
29
362
561
-1
127
146
219
150
56
543
416
318
791
524
188
23
36
6
-1
-1
289
384
662
428
94
13
362
37
58
-1
23
386
-1
496
23
78
-1
-1
13
1
-1
23
-1
22
16
23
50
37
-1
-1
72
75
88
41
416
30
146
146
23
-1
88
106
734
213
583
2
495
54
-1
306
33
786
388
544
-1
329
-1
98
58
17
23
-1
125
-1
-1
13
643
-1
135
6
197
153
39
281
264
-1
265
101
111
28
39
344
56
26
12
-1
127
230
111
178
33
111
574
795
312
475
155
84
-1
289
50
226
296
290
-1
97
191
37
746
358
17
493
484
69
4
-1
-1
135
83
455
22
230
652
-1
132
245
33
458
29
285
630
757
71
106
201
71
725
248
101
148
115
50
48
462
144
171
-1
-1
691
-1
23
251
-1
565
45
350
12
258
386
214
25
204
13
559
-1
-1
281
175
294
399
260
-1
213
241
50
113
368
371
23
281
796
-1
607
521
195
286
186
336
9
82
156
235
111
445
95
153
205
25
15
238
275
304
17
191
-1
1
67
53
227
50
-1
231
207
12
82
125
23
23
188
295
501
111
50
123
92
170
158
130
127
157
22
212
-1
21
677
115
500
-1
-1
410
195
162
241
362
22
23
175
391
148
147
110
50
633
234
221
601
-1
-1
566
779
246
384
44
300
797
50
92
44
58
13
-1
94
197
-1
174
188
56
171
36
292
199
-1
197
77
133
152
177
30
88
18
94
36
98
127
309
13
12
188
6
272
420
162
115
619
708
276
-1
606
278
78
14
163
150
-1
-1
11
610
25
798
485
455
163
190
12
87
-1
606
191
507
306
283
462
143
145
23
130
94
213
116
-1
864
347
184
331
-1
652
-1
219
50
58
229
178
808
352
111
-1
414
191
50
88
-1
827
318
56
-1
637
-1
87
193
-1
448
144
283
165
37
294
331
-1
281
37
475
428
136
-1
35
-1
87
1
13
122
37
221
-1
33
47
756
799
149
318
-1
839
50
23
5
42
330
800
271
46
17
22
435
380
-1
8
111
-1
223
201
620
427
425
281
-1
141
-1
-1
5
217
135
186
87
692
87
-1
33
293
-1
153
33
-1
504
196
231
260
46
388
37
-1
22
319
30
219
801
33
146
284
473
340
203
14
111
13
-1
383
618
331
50
844
313
802
398
-1
161
22
501
37
17
-1
4
804
725
359
270
243
21
-1
225
39
-1
374
-1
178
184
611
320
13
574
13
-1
23
45
33
1
1
-1
33
559
12
-1
399
-1
230
162
323
619
150
-1
50
112
541
3
152
-1
188
-1
62
1
33
214
331
30
-1
224
21
135
80
17
723
37
68
145
54
291
692
-1
-1
204
52
72
13
322
481
111
297
423
269
74
289
50
1
171
-1
13
-1
44
42
115
14
375
448
577
268
56
111
143
525
-1
575
56
72
259
132
470
583
-1
23
117
122
221
347
574
-1
22
469
75
160
622
219
289
23
13
549
37
36
171
33
462
35
88
-1
-1
203
50
42
88
875
188
-1
23
271
165
84
712
37
33
133
104
23
407
21
182
127
329
-1
198
12
97
-1
-1
-1
33
23
33
12
50
-1
222
478
-1
179
88
22
43
87
606
279
122
105
462
111
226
548
31
7
146
-1
362
-1
509
12
203
23
274
82
355
-1
-1
33
803
23
146
41
-1
-1
33
115
-1
23
17
36
56
281
42
33
50
672
-1
127
221
519
535
-1
33
186
243
716
668
57
198
-1
213
80
861
520
87
503
450
200
21
56
-1
812
170
643
158
1
65
36
188
94
50
54
23
158
217
-1
53
147
607
33
12
383
235
243
88
148
28
-1
33
25
21
84
296
200
804
-1
-1
23
56
-1
158
96
428
-1
-1
98
17
23
805
377
50
375
34
-1
436
23
50
141
39
-1
56
90
49
217
20
-1
41
325
37
-1
88
21
13
82
109
828
118
80
37
708
66
-1
273
1
108
170
241
19
142
347
62
1
-1
51
673
19
204
41
-1
-1
192
-1
341
13
45
277
13
33
54
144
205
21
742
570
50
400
574
-1
221
24
26
127
33
145
-1
188
-1
58
-1
176
179
13
806
385
29
111
746
233
492
213
57
197
807
809
33
481
272
204
119
410
50
146
271
493
486
61
641
75
36
61
111
22
4
-1
3
254
21
-1
719
509
-1
-1
98
33
15
119
746
22
419
479
474
504
6
-1
13
33
560
-1
815
177
178
422
33
336
278
50
184
591
189
1
22
73
54
33
17
82
23
33
334
-1
111
308
-1
202
808
497
98
274
110
803
22
286
134
145
50
3
149
-1
-1
-1
620
88
52
778
809
37
-1
23
121
111
170
-1
-1
22
33
13
324
-1
-1
347
520
473
-1
27
-1
332
-1
292
413
221
36
311
150
99
4
32
137
-1
21
498
46
114
115
622
161
143
183
-1
150
122
230
-1
112
-1
229
267
561
-1
-1
124
-1
92
-1
91
-1
-1
209
6
679
80
600
-1
-1
533
23
-1
421
810
30
-1
278
811
-1
106
18
175
336
168
-1
240
547
23
-1
147
658
-1
146
25
39
26
393
127
100
289
12
561
70
-1
102
-1
82
122
150
33
302
171
283
23
12
223
50
115
48
-1
206
-1
746
24
288
176
114
649
-1
-1
345
145
37
-1
59
64
312
26
365
23
73
72
680
115
787
-1
583
599
23
-1
-1
-1
127
183
80
300
-1
87
86
124
-1
-1
106
-1
3
-1
109
371
437
75
13
210
42
434
1
812
88
260
-1
33
89
837
687
22
327
162
272
316
22
23
-1
153
331
44
810
111
742
520
52
644
486
150
410
92
27
416
-1
269
142
230
32
-1
813
12
12
306
12
353
23
22
1
125
17
22
-1
-1
83
134
1
645
564
76
204
510
405
-1
36
33
64
-1
37
87
115
241
641
1
21
630
32
175
339
136
568
54
82
-1
21
761
107
745
158
23
12
274
171
-1
39
50
-1
207
88
12
75
760
92
133
271
88
332
263
12
-1
23
345
149
5
1
127
289
671
-1
19
201
565
134
375
301
63
76
232
177
171
70
164
63
101
3
8
468
599
-1
-1
103
97
150
30
170
70
344
67
305
-1
326
87
652
-1
814
288
23
-1
462
84
184
98
77
13
104
194
767
815
722
293
26
438
816
76
817
-1
471
158
-1
384
505
364
14
125
396
-1
-1
176
564
-1
-1
497
396
128
-1
263
-1
186
60
277
142
-1
127
68
645
128
148
818
13
347
232
398
288
30
22
327
62
21
-1
134
58
269
819
334
109
8
492
820
135
803
33
149
179
235
67
170
388
763
-1
243
274
167
-1
249
38
23
56
144
12
37
502
143
23
54
834
12
402
41
174
37
27
875
597
560
32
455
-1
21
127
95
25
78
43
1
171
44
176
198
273
711
694
23
686
102
230
243
250
75
33
140
23
203
531
33
98
192
587
-1
-1
110
19
377
283
388
-1
-1
102
17
195
-1
-1
41
118
-1
123
341
13
76
-1
-1
329
154
33
-1
1
146
475
50
56
13
33
13
28
342
54
-1
261
-1
821
161
753
233
13
-1
101
812
-1
-1
23
582
-1
56
388
127
-1
563
22
-1
289
28
88
87
87
861
-1
88
-1
190
87
331
23
101
611
148
23
365
214
57
419
296
393
-1
-1
145
22
121
778
-1
174
729
507
19
679
46
-1
-1
-1
108
21
43
23
176
448
282
35
262
3
12
41
269
148
12
37
-1
236
-1
22
150
291
268
324
41
-1
21
189
146
420
219
-1
140
824
535
62
-1
438
96
360
1
195
50
26
677
474
-1
244
-1
192
56
33
289
642
186
-1
97
1
-1
37
200
235
260
57
401
135
41
41
755
33
106
23
244
42
822
692
56
23
689
561
23
122
33
-1
211
5
-1
57
19
569
148
-1
-1
-1
44
461
75
41
230
573
379
87
31
122
708
464
619
823
50
198
583
122
864
33
92
22
102
714
263
156
824
194
23
127
127
565
68
352
539
-1
23
503
-1
-1
-1
193
147
201
564
23
108
101
-1
-1
237
149
-1
-1
-1
468
134
388
355
22
23
861
187
1
82
-1
330
250
7
286
625
825
-1
234
9
219
656
306
261
127
50
8
-1
457
332
178
12
50
88
118
56
714
140
198
328
446
23
146
201
103
204
41
464
119
88
50
25
56
114
368
849
59
56
23
205
281
332
484
213
-1
115
22
178
564
200
288
783
87
-1
397
98
-1
826
146
37
343
36
827
1
127
3
44
101
155
264
250
336
50
522
88
315
22
12
12
179
179
37
143
-1
387
211
33
-1
497
300
828
51
54
122
-1
-1
37
-1
153
122
-1
135
329
148
666
324
844
196
21
417
29
23
787
200
-1
-1
23
50
-1
1
33
-1
15
23
-1
-1
13
116
17
301
311
150
-1
12
7
235
75
97
95
50
668
225
810
10
1
50
193
-1
526
296
-1
556
520
132
-1
249
197
214
269
224
56
378
88
18
-1
-1
261
778
88
-1
827
470
714
606
406
189
167
283
37
22
-1
56
7
544
499
46
70
-1
-1
305
-1
8
745
372
480
50
-1
-1
-1
-1
540
383
147
23
571
1
111
3
82
19
-1
834
60
430
103
-1
135
273
72
31
466
37
-1
102
106
62
406
76
41
33
23
829
56
-1
209
368
655
237
23
280
-1
50
815
84
249
485
69
220
171
37
-1
236
-1
297
438
50
12
115
81
-1
127
93
28
23
87
658
211
758
56
174
235
550
72
434
-1
3
214
456
14
88
175
12
114
22
419
50
834
813
49
-1
164
211
157
173
33
23
88
373
-1
824
50
-1
162
17
-1
13
12
210
-1
-1
233
105
-1
516
23
516
146
7
40
-1
21
1
23
56
212
10
91
-1
87
50
249
-1
50
-1
21
23
370
619
111
-1
-1
331
23
403
329
62
-1
149
21
233
291
6
146
127
74
13
21
23
-1
186
830
186
102
294
529
128
-1
599
16
117
243
48
87
-1
479
10
264
4
23
187
40
-1
1
113
261
-1
157
76
58
11
-1
37
9
88
155
502
145
12
405
425
2
146
824
23
411
103
828
100
-1
338
78
831
286
832
23
56
168
326
127
833
426
-1
440
-1
50
26
13
221
1
137
50
76
8
94
-1
531
262
-1
26
286
196
127
22
383
22
385
170
565
-1
44
23
570
-1
177
761
527
183
23
50
327
36
33
137
20
200
-1
543
454
127
13
128
-1
52
23
169
39
-1
306
23
50
-1
130
845
23
212
-1
23
174
578
201
269
128
674
143
320
305
33
458
23
-1
228
37
-1
561
108
33
-1
-1
23
85
308
273
432
-1
55
132
366
332
23
-1
338
445
327
632
-1
33
73
94
115
75
127
188
84
316
149
419
13
23
452
23
201
231
-1
88
2
74
347
233
23
35
286
149
87
22
32
438
97
836
268
289
50
204
-1
53
-1
-1
-1
-1
146
90
221
817
97
403
347
393
118
143
243
286
242
-1
513
293
-1
331
217
260
118
198
281
342
86
-1
72
127
322
-1
-1
24
705
13
36
230
75
-1
147
101
761
12
385
263
229
-1
-1
214
748
38
-1
42
213
359
358
33
292
53
806
27
111
33
508
516
-1
14
524
170
23
111
289
87
834
33
213
13
644
-1
203
44
239
13
246
33
625
502
291
-1
752
13
49
88
138
17
195
253
387
169
131
264
56
40
112
230
-1
456
340
335
135
548
168
-1
105
-1
-1
324
437
493
269
28
43
-1
111
50
56
176
573
184
-1
-1
45
-1
17
-1
-1
163
-1
233
347
761
281
611
161
366
-1
374
144
845
352
675
-1
-1
684
12
23
23
-1
374
347
136
7
407
294
385
362
266
13
158
7
197
42
243
531
146
721
62
-1
849
236
-1
77
128
21
365
283
558
-1
55
-1
176
77
279
6
130
-1
65
-1
160
387
12
215
16
264
100
50
38
271
162
810
18
33
26
453
-1
363
211
-1
126
278
83
-1
29
21
162
-1
818
436
-1
214
182
41
634
42
766
24
711
563
127
-1
-1
-1
17
835
-1
45
227
50
50
162
1
146
646
56
545
195
23
854
531
36
3
127
72
21
55
-1
127
-1
-1
473
192
92
828
23
33
172
291
12
76
33
362
127
252
693
176
-1
37
269
181
-1
272
33
504
145
-1
58
171
87
192
207
130
-1
332
26
23
171
671
88
-1
41
-1
41
-1
328
-1
68
-1
289
56
475
297
147
50
130
7
111
356
37
-1
129
21
116
130
-1
-1
21
237
118
50
23
22
212
836
256
127
309
146
189
-1
-1
23
30
28
-1
-1
271
160
41
168
201
23
221
-1
281
41
22
-1
33
-1
507
779
445
520
41
-1
614
137
161
-1
622
44
289
448
756
81
-1
265
328
384
146
774
-1
74
-1
4
146
12
12
31
-1
12
496
22
419
108
268
383
-1
29
88
247
271
130
197
71
87
135
22
114
171
50
91
589
24
23
170
13
656
18
45
23
63
466
-1
13
51
111
37
540
23
334
150
148
221
-1
67
161
478
106
243
529
18
23
13
38
-1
214
288
-1
-1
262
329
122
293
333
224
146
150
176
128
205
56
64
302
250
130
84
14
87
127
331
-1
201
420
149
6
195
809
54
28
12
136
83
41
658
56
652
54
660
145
280
296
837
111
374
37
347
7
22
569
23
596
87
12
-1
12
158
-1
-1
164
362
-1
50
252
247
146
313
161
7
469
127
23
23
22
302
712
186
-1
4
12
127
110
237
-1
50
7
838
130
21
351
212
274
397
214
540
41
152
56
102
146
176
33
292
21
170
56
54
45
22
-1
709
62
-1
497
162
-1
-1
33
455
292
366
127
-1
605
310
127
-1
130
370
484
33
568
86
839
-1
363
128
424
148
200
23
62
50
23
122
23
77
-1
172
42
777
840
341
-1
55
186
54
130
600
90
64
407
73
-1
-1
222
50
234
78
196
22
33
50
-1
293
345
97
87
62
225
273
1
16
-1
73
223
39
841
106
112
595
23
33
-1
127
363
77
54
-1
330
433
313
52
728
383
436
12
50
300
221
21
273
80
100
-1
158
-1
57
31
-1
540
30
-1
46
400
-1
75
337
134
-1
21
-1
14
197
-1
742
42
-1
401
761
-1
154
50
492
33
-1
198
253
235
385
-1
679
131
23
122
188
94
98
107
23
131
3
-1
-1
15
47
-1
6
23
158
311
347
135
340
21
88
4
109
-1
746
12
329
62
276
829
50
36
160
82
692
56
110
311
223
24
50
35
156
167
140
36
-1
145
3
172
-1
21
481
39
12
23
67
-1
407
280
264
602
551
262
400
73
85
-1
575
97
37
6
326
82
-1
23
37
-1
13
82
8
-1
33
36
23
781
14
111
247
220
15
128
50
512
-1
168
432
325
33
510
266
401
810
23
21
56
208
23
-1
123
130
274
-1
23
23
61
-1
338
-1
362
496
34
13
33
36
198
21
210
112
264
469
434
402
121
271
166
45
289
13
363
285
345
503
130
88
-1
132
-1
834
-1
13
161
680
33
377
296
353
-1
105
60
57
37
297
663
63
50
586
162
842
800
225
23
113
-1
142
186
147
13
-1
-1
292
677
145
12
56
147
473
301
560
-1
23
-1
106
26
288
23
211
475
221
-1
40
111
45
672
50
80
508
843
23
127
290
50
497
22
354
559
293
289
50
347
85
179
375
-1
-1
569
606
88
438
-1
201
-1
70
61
122
77
50
401
94
546
138
52
2
12
50
147
641
92
13
230
509
36
201
-1
221
111
84
582
277
-1
554
134
114
-1
459
492
-1
772
263
262
83
113
305
148
87
23
23
53
186
439
516
563
189
107
125
104
679
667
206
630
3
192
329
37
-1
19
149
-1
-1
94
62
71
61
392
177
117
15
557
88
800
529
38
226
380
147
-1
136
481
13
-1
384
41
66
-1
143
50
-1
-1
186
26
25
37
508
271
9
600
600
-1
56
358
41
479
87
135
26
1
-1
273
742
23
219
486
192
560
337
115
264
13
92
21
144
844
1
50
-1
845
-1
-1
-1
33
80
23
97
242
581
217
634
298
23
-1
248
36
227
46
136
172
41
33
136
-1
154
-1
26
602
574
156
14
223
663
23
101
520
183
138
410
12
-1
253
269
49
111
377
130
82
493
159
33
26
-1
789
134
12
22
-1
263
423
345
-1
-1
197
94
644
94
157
675
-1
37
454
568
-1
71
419
23
188
470
297
-1
198
19
33
288
12
411
-1
-1
256
-1
29
-1
175
-1
151
-1
94
-1
481
145
23
75
-1
213
34
23
147
286
-1
43
54
35
788
335
182
827
198
162
8
324
130
104
127
127
235
57
145
365
-1
113
22
12
360
121
-1
571
370
-1
380
846
168
134
-1
529
283
365
56
22
55
124
98
36
94
-1
-1
166
-1
362
217
178
-1
-1
135
725
87
42
99
260
182
-1
13
23
71
-1
149
23
45
-1
446
126
23
-1
251
526
706
23
74
58
246
225
194
502
-1
696
330
671
108
551
686
122
104
665
795
42
197
145
27
-1
146
146
50
383
-1
-1
87
-1
775
667
94
33
149
834
216
37
242
73
50
83
37
660
353
129
-1
23
45
-1
-1
94
93
699
23
-1
667
87
-1
41
23
134
167
13
12
50
15
50
304
50
112
225
573
-1
787
23
-1
272
-1
-1
528
215
22
56
120
662
52
448
128
41
6
176
135
476
111
-1
620
128
286
-1
52
84
-1
533
146
36
96
19
26
400
87
88
124
39
37
111
33
118
140
386
82
-1
87
98
314
442
-1
120
457
237
837
23
39
101
309
62
127
104
813
79
197
148
23
706
438
172
-1
23
12
687
56
321
467
23
183
93
23
95
184
128
25
51
23
10
-1
58
510
424
272
21
177
-1
-1
58
373
23
23
102
628
752
87
803
81
342
381
466
-1
50
29
784
249
213
14
22
332
313
559
274
36
201
100
30
151
33
162
108
33
548
56
286
770
-1
22
-1
-1
150
149
503
465
383
94
474
256
-1
251
56
219
146
271
111
146
278
-1
347
69
-1
23
-1
828
221
607
23
827
-1
-1
207
31
86
205
76
-1
373
331
-1
249
37
88
23
77
544
383
109
351
201
477
380
124
13
17
666
189
233
23
16
33
788
334
161
219
128
118
-1
-1
579
24
-1
61
149
62
75
87
87
342
21
10
23
127
87
509
-1
1
23
151
200
-1
117
327
187
147
33
274
393
254
137
813
407
396
132
669
570
18
304
443
847
86
171
109
357
175
2
342
2
65
23
-1
23
37
175
273
123
-1
23
196
575
83
-1
187
54
301
12
133
324
405
1
130
22
-1
708
-1
300
36
-1
131
186
36
-1
340
37
56
172
-1
-1
111
79
310
-1
13
3
848
50
111
68
-1
353
-1
21
33
328
13
7
107
-1
469
727
237
691
730
459
-1
25
114
175
581
575
32
94
104
432
94
134
600
148
128
516
-1
146
37
19
-1
135
-1
33
289
16
57
138
13
468
134
380
337
94
23
-1
-1
-1
19
206
-1
840
-1
-1
801
-1
652
269
87
-1
658
23
-1
23
-1
-1
719
278
12
36
112
254
223
3
171
13
493
672
149
269
611
264
1
-1
102
183
-1
774
660
23
107
-1
15
-1
125
762
335
-1
822
164
33
113
33
385
383
87
-1
259
37
278
731
146
96
-1
11
260
134
46
247
22
72
519
-1
80
94
-1
121
44
57
316
-1
201
14
62
222
92
50
849
233
519
576
119
17
61
43
813
-1
36
312
76
360
461
278
652
133
111
23
-1
684
345
24
-1
206
23
-1
121
12
428
187
12
50
6
33
431
-1
60
439
-1
23
23
263
56
664
75
-1
8
-1
34
46
123
297
850
256
434
33
-1
33
613
289
17
-1
33
23
329
305
71
574
-1
-1
-1
154
294
-1
86
-1
686
56
-1
-1
23
405
151
540
54
769
197
-1
473
-1
851
424
13
17
50
7
108
164
111
674
33
77
-1
366
-1
464
88
21
-1
246
23
362
607
23
37
33
51
579
-1
641
737
820
-1
-1
32
83
11
400
42
50
23
543
264
28
1
71
506
56
364
32
582
127
146
-1
640
22
36
82
598
293
420
471
189
-1
112
52
95
12
23
87
1
158
247
221
23
15
-1
146
56
70
111
23
-1
-1
452
7
122
128
23
54
58
88
336
148
586
179
22
429
-1
122
123
23
146
-1
102
146
-1
128
56
136
122
-1
182
-1
93
852
191
95
112
407
22
36
149
39
402
853
22
183
-1
-1
82
-1
-1
50
59
246
21
96
9
87
54
-1
180
206
13
121
213
581
283
100
122
176
95
-1
-1
95
75
-1
-1
-1
-1
617
89
-1
52
12
520
293
274
3
-1
167
178
137
-1
363
23
101
288
149
60
161
-1
263
23
-1
22
419
839
-1
-1
-1
-1
-1
-1
21
128
149
56
-1
9
22
7
460
63
56
-1
424
193
-1
97
281
34
-1
594
468
70
-1
81
4
813
281
-1
329
575
96
111
250
41
275
180
123
293
175
-1
54
88
662
824
197
-1
854
172
18
512
692
726
226
-1
-1
-1
12
167
39
342
43
145
24
23
370
158
54
344
54
335
41
174
388
106
-1
376
679
302
-1
169
281
148
162
125
127
325
144
-1
1
855
72
-1
13
-1
84
56
36
50
517
-1
184
248
122
122
157
37
137
33
-1
41
-1
-1
34
22
23
286
98
22
155
145
73
23
213
5
-1
53
327
86
110
71
137
589
685
50
26
133
1
180
-1
733
28
127
145
30
73
-1
146
211
68
2
-1
23
291
360
466
331
856
53
230
625
58
129
644
99
84
269
185
-1
56
-1
273
418
88
13
172
23
72
37
-1
271
33
681
678
187
95
13
528
111
206
-1
15
97
37
23
1
-1
400
553
174
42
62
-1
582
46
110
64
42
281
561
19
283
123
484
14
-1
70
77
-1
223
-1
61
18
53
283
1
260
-1
62
88
431
-1
97
274
13
516
113
456
178
72
110
50
-1
686
-1
22
50
-1
-1
50
502
104
-1
122
23
538
201
663
7
-1
797
204
-1
33
35
22
161
37
23
46
50
21
23
-1
560
41
212
-1
13
708
480
-1
142
498
269
810
73
147
82
-1
158
279
93
832
104
-1
111
22
1
306
23
200
45
143
33
-1
369
685
430
-1
230
288
329
87
98
146
-1
496
371
23
21
33
412
277
87
503
340
176
22
573
50
470
611
711
17
13
-1
206
23
-1
-1
190
143
23
26
23
52
180
271
13
175
384
88
22
150
115
41
22
-1
-1
12
23
23
-1
-1
123
86
10
791
-1
96
685
147
23
-1
154
23
140
185
43
-1
249
228
193
667
201
21
111
204
52
111
165
135
-1
-1
36
115
-1
56
120
857
87
-1
-1
503
61
382
23
36
14
775
69
-1
-1
23
858
127
168
-1
102
688
759
41
56
204
624
603
8
13
669
98
178
-1
-1
226
210
42
14
259
50
-1
83
171
23
33
23
17
283
243
449
471
15
23
-1
201
582
-1
271
-1
478
420
184
532
33
118
44
23
289
-1
70
304
-1
673
41
477
421
303
281
496
100
-1
191
171
-1
13
17
26
118
174
-1
543
88
285
28
161
131
178
23
13
104
128
858
179
34
-1
-1
473
194
378
336
171
23
746
36
36
94
-1
-1
289
286
15
-1
614
50
-1
604
-1
59
165
-1
-1
219
124
-1
175
120
313
-1
119
18
483
27
-1
56
109
-1
297
94
347
-1
-1
116
598
36
88
286
135
134
147
313
84
-1
-1
365
23
50
6
41
21
149
172
859
46
362
295
456
54
94
289
860
392
432
41
71
65
61
149
281
23
289
-1
23
-1
31
12
-1
173
146
56
54
-1
26
23
53
41
212
633
55
104
267
-1
407
22
12
33
400
429
98
410
501
22
-1
13
75
84
95
1
23
23
230
230
149
22
-1
462
762
345
86
507
-1
230
67
357
318
-1
250
16
50
26
23
-1
22
313
21
56
23
-1
149
125
-1
4
100
200
581
104
213
140
104
273
21
-1
-1
23
104
-1
33
-1
125
289
36
-1
39
370
74
-1
127
471
147
23
387
600
88
232
362
827
-1
-1
41
59
23
453
723
-1
730
221
394
122
-1
350
12
593
23
-1
-1
624
461
19
201
-1
127
135
-1
697
117
99
569
-1
179
78
-1
56
132
143
661
58
3
93
33
46
663
-1
50
289
24
265
60
243
-1
617
-1
23
127
94
212
689
112
509
340
88
58
-1
226
-1
39
510
425
306
-1
-1
373
834
479
523
22
39
27
74
58
56
-1
329
742
272
329
658
221
162
541
181
711
-1
135
23
112
315
180
-1
15
340
111
86
452
-1
17
2
-1
1
36
18
23
24
50
253
132
338
50
339
340
65
285
-1
828
61
214
244
187
240
81
322
-1
498
617
861
23
56
36
288
762
82
23
23
46
-1
311
130
1
70
47
39
39
568
40
23
8
17
50
113
413
581
179
730
41
405
33
591
23
147
-1
54
417
467
-1
280
130
33
338
273
134
51
258
249
135
329
23
391
575
418
36
429
421
106
-1
2
23
-1
50
268
623
-1
-1
71
23
54
-1
44
306
8
157
146
338
23
781
262
397
158
58
368
33
50
15
13
243
157
305
289
231
-1
791
236
-1
691
60
127
-1
201
236
142
229
30
13
111
-1
338
23
83
120
584
188
13
41
-1
-1
210
201
266
50
271
31
43
98
144
-1
374
23
862
445
5
548
-1
41
163
33
164
302
12
103
-1
84
150
50
620
753
347
-1
428
-1
187
276
-1
36
177
-1
164
639
9
-1
-1
311
446
149
281
177
274
1
23
33
493
178
41
34
13
424
407
13
379
25
33
61
311
33
22
598
778
22
-1
87
283
146
56
12
32
369
82
216
-1
208
258
163
127
3
259
50
-1
251
863
371
-1
23
23
75
203
325
432
13
87
23
22
230
193
116
36
510
-1
108
12
135
167
-1
249
100
-1
506
122
656
236
-1
23
833
33
259
16
585
-1
83
225
817
127
509
274
225
83
-1
131
23
188
41
-1
44
188
248
291
29
186
22
-1
16
349
116
30
329
94
41
474
395
-1
22
134
209
416
296
742
198
15
-1
-1
534
136
-1
228
163
-1
74
91
138
178
-1
-1
36
27
558
3
-1
621
56
506
135
-1
82
80
544
50
82
30
165
23
283
417
680
325
249
378
538
166
13
373
84
13
23
477
212
-1
-1
236
-1
-1
58
123
-1
302
22
12
-1
386
769
23
458
158
216
282
87
141
222
34
134
-1
-1
-1
178
83
673
36
99
446
-1
666
572
431
322
152
168
33
221
127
54
23
65
864
352
-1
-1
630
-1
12
429
788
-1
420
8
568
300
453
110
176
49
62
226
82
379
23
23
21
367
-1
356
76
179
162
753
307
93
111
-1
33
165
-1
62
461
86
194
1
865
-1
270
543
-1
37
1
230
355
14
91
561
145
23
409
56
37
1
89
67
112
21
112
-1
191
150
137
36
1
50
79
22
-1
359
288
99
23
217
-1
33
239
271
169
13
22
24
22
58
82
-1
-1
111
358
781
56
-1
445
80
575
-1
357
734
62
23
193
34
13
394
594
32
727
515
84
-1
524
866
127
33
288
-1
166
138
240
12
217
289
179
36
115
315
197
118
531
266
130
223
1
-1
178
87
-1
867
868
380
676
-1
869
478
56
-1
-1
137
2
-1
50
141
-1
59
-1
56
870
50
-1
22
99
471
-1
17
371
187
50
3
750
17
-1
-1
-1
-1
556
-1
329
171
-1
200
50
-1
53
185
13
153
-1
552
149
92
120
-1
23
13
50
-1
648
-1
393
141
670
-1
21
24
269
-1
23
508
41
22
871
197
385
56
118
23
619
199
663
337
86
93
23
73
781
-1
209
50
-1
13
-1
173
87
160
465
373
556
395
106
-1
58
-1
99
-1
83
160
198
47
22
264
344
174
1
-1
47
144
273
342
50
57
23
-1
381
60
407
281
-1
94
734
76
121
21
70
21
141
575
-1
12
221
146
752
46
17
36
-1
146
388
338
504
1
23
-1
-1
23
181
-1
271
23
13
384
116
-1
420
35
50
474
-1
128
271
12
491
22
41
150
23
12
872
135
407
14
107
491
23
93
174
390
-1
19
-1
1
50
705
49
23
266
83
283
33
254
13
873
145
289
-1
217
270
51
312
127
874
-1
273
20
33
590
268
717
-1
33
23
13
529
283
248
33
3
251
37
113
767
269
-1
-1
86
305
481
148
262
-1
147
679
388
50
425
146
686
27
143
21
87
94
-1
725
-1
-1
50
287
556
291
115
57
614
-1
-1
21
331
178
65
688
676
637
266
37
149
141
253
36
-1
74
-1
-1
134
23
-1
480
229
55
19
31
372
22
32
24
298
214
13
77
-1
-1
289
13
110
36
46
-1
-1
167
-1
436
268
148
875
69
93
269
752
322
520
543
1
8
181
30
-1
-1
87
210
27
77
41
-1
540
12
6
143
12
94
332
8
82
171
388
-1
-1
110
625
23
538
188
328
709
791
146
7
9
62
-1
303
13
588
50
23
540
691
331
301
176
347
362
18
-1
290
187
-1
146
339
289
-1
21
43
-1
470
197
13
176
481
-1
600
-1
13
-1
12
813
1
174
22
-1
677
217
737
263
447
573
189
13
23
115
574
595
23
-1
769
-1
76
13
-1
23
200
184
-1
-1
201
692
322
-1
270
164
-1
170
-1
145
740
315
67
37
316
130
23
13
88
114
